0 0
1 0
2 1
3 0
4 0
5 1
6 1
7 0
8 1
9 1
10 2
11 1
12 0
13 2
14 1
15 0
16 0
17 1
18 1
19 1
20 1
21 1
22 0
23 0
24 0
25 0
26 0
27 0
28 2
29 0
30 0
31 1
32 1
33 0
34 0
35 0
36 0
37 0
38 1
39 0
40 0
41 0
42 0
43 1
44 0
45 0
46 0
47 1
48 1
49 1
50 0
51 0
52 0
53 0
54 0
55 0
56 1
57 0
58 0
59 0
60 0
61 0
62 0
63 0
64 1
65 1
66 0
67 0
68 1
69 0
70 1
71 0
72 1
73 1
74 0
75 0
76 1
77 1
78 0
79 0
80 0
81 0
82 0
83 0
84 2
85 1
86 0
87 1
88 1
89 1
90 1
91 1
92 1
93 1
94 1
95 1
96 1
97 0
98 0
99 0
100 1
101 0
102 0
103 0
104 1
105 1
106 0
107 2
108 1
109 1
110 0
111 1
112 0
113 0
114 0
115 1
116 1
117 1
118 1
119 1
120 1
121 1
122 1
123 0
124 1
125 1
126 1
127 1
128 1
129 0
130 0
131 2
132 0
133 0
134 0
135 0
136 0
137 1
138 0
139 1
140 1
141 0
142 0
143 1
144 0
145 1
146 1
147 1
148 1
149 1
150 1
151 1
152 0
153 0
154 1
155 0
156 1
157 1
158 1
159 0
160 0
161 0
162 0
163 1
164 2
165 1
166 2
167 0
168 1
169 1
170 0
171 2
172 1
173 1
174 0
175 0
176 1
177 1
178 0
179 0
180 1
181 0
182 1
183 0
184 0
185 0
186 0
187 0
188 1
189 0
190 1
191 0
192 2
193 0
194 1
195 0
196 1
197 0
198 0
199 1
200 1
201 1
202 1
203 0
204 0
205 0
206 1
207 1
208 1
209 1
210 1
211 1
212 0
213 0
214 0
215 2
216 2
217 2
218 0
219 1
220 2
221 0
222 2
223 1
224 2
225 0
226 1
227 1
228 0
229 0
230 1
231 0
232 1
233 1
234 1
235 0
236 1
237 1
238 0
239 1
240 1
241 1
242 1
243 1
244 0
245 1
246 0
247 0
248 0
249 0
250 2
251 0
252 1
253 1
254 0
255 0
256 1
257 0
258 2
259 2
260 2
261 1
262 0
263 0
264 1
265 0
266 1
267 2
268 1
269 1
270 0
271 0
272 1
273 0
274 0
275 0
276 0
277 1
278 0
279 0
280 0
281 0
282 0
283 1
284 1
285 0
286 1
287 1
288 1
289 1
290 0
291 1
292 0
293 0
294 2
295 2
296 0
297 1
298 0
299 0
300 0
301 0
302 2
303 0
304 2
305 1
306 2
307 2
308 1
309 2
310 1
311 1
312 1
313 2
314 0
315 1
316 0
317 1
318 0
319 1
320 1
321 0
322 1
323 1
324 0
325 1
326 0
327 2
328 1
329 1
330 1
331 1
332 1
333 1
334 1
335 0
336 1
337 0
338 0
339 1
340 0
341 1
342 1
343 0
344 0
345 0
346 0
347 0
348 0
349 1
350 1
351 2
352 0
353 2
354 0
355 2
356 0
357 1
358 0
359 0
360 1
361 1
362 1
363 0
364 1
365 1
366 1
367 1
368 1
369 1
370 0
371 0
372 1
373 2
374 1
375 1
376 1
377 1
378 1
379 1
380 0
381 0
382 1
383 1
384 1
385 0
386 2
387 0
388 0
389 0
390 0
391 1
392 1
393 1
394 0
395 2
396 1
397 1
398 0
399 2
400 1
401 1
402 1
403 2
404 1
405 2
406 1
407 1
408 0
409 2
410 0
411 1
412 1
413 0
414 0
415 1
416 1
417 1
418 0
419 1
420 0
421 1
422 1
423 0
424 0
425 0
426 1
427 0
428 0
429 1
430 1
431 0
432 0
433 1
434 0
435 1
436 0
437 1
438 1
439 2
440 0
441 1
442 2
443 1
444 1
445 1
446 0
447 1
448 1
449 2
450 1
451 1
452 1
453 1
454 1
455 0
456 0
457 0
458 0
459 0
460 0
461 0
462 0
463 0
464 0
465 1
466 1
467 1
468 1
469 0
470 1
471 1
472 1
473 1
474 2
475 2
476 1
477 1
478 1
479 2
480 0
481 1
482 1
483 1
484 2
485 0
486 1
487 2
488 2
489 2
490 2
491 1
492 1
493 0
494 0
495 0
496 1
497 0
498 1
499 0
500 0
501 0
502 0
503 0
504 0
505 0
506 0
507 1
508 0
509 1
510 0
511 1
512 1
513 1
514 1
515 0
516 1
517 1
518 0
519 2
520 0
521 1
522 0
523 1
524 0
525 1
526 1
527 1
528 1
529 0
530 0
531 0
532 0
533 0
534 1
535 0
536 1
537 1
538 1
539 0
540 2
541 0
542 1
543 0
544 0
545 1
546 1
547 1
548 2
549 2
550 1
551 1
552 1
553 0
554 1
555 2
556 0
557 1
558 1
559 0
560 0
561 1
562 0
563 1
564 1
565 1
566 2
567 1
568 1
569 1
570 1
571 1
572 0
573 1
574 1
575 1
576 0
577 1
578 1
579 1
580 1
581 1
582 0
583 1
584 1
585 0
586 1
587 0
588 1
589 1
590 1
591 1
592 1
593 1
594 1
595 1
596 1
597 0
598 1
599 1
600 1
601 0
602 1
603 0
604 1
605 1
606 1
607 1
608 0
609 0
610 1
611 2
612 1
613 0
614 2
615 1
616 0
617 2
618 1
619 0
620 2
621 1
622 1
623 1
624 1
625 1
626 0
627 1
628 0
629 2
630 1
631 0
632 0
633 0
634 0
635 0
636 0
637 0
638 0
639 0
640 2
641 2
642 2
643 2
644 0
645 1
646 0
647 1
648 1
649 1
650 1
651 1
652 1
653 2
654 1
655 1
656 0
657 0
658 1
659 1
660 0
661 1
662 1
663 1
664 0
665 0
666 1
667 1
668 0
669 2
670 1
671 1
672 0
673 0
674 0
675 0
676 1
677 0
678 0
679 0
680 0
681 0
682 0
683 0
684 0
685 1
686 0
687 1
688 0
689 0
690 1
691 1
692 1
693 2
694 0
695 1
696 0
697 0
698 0
699 1
700 0
701 1
702 0
703 1
704 2
705 1
706 1
707 1
708 0
709 2
710 1
711 0
712 1
713 1
714 0
715 1
716 1
717 0
718 0
719 0
720 2
721 0
722 0
723 1
724 1
725 0
726 1
727 1
728 0
729 1
730 1
731 2
732 0
733 0
734 0
735 2
736 0
737 1
738 0
739 1
740 0
741 0
742 0
743 0
744 0
745 2
746 2
747 1
748 2
749 0
750 0
751 0
752 1
753 0
754 1
755 2
756 0
757 0
758 0
759 1
760 0
761 0
762 0
763 0
764 1
765 0
766 0
767 0
768 1
769 1
770 0
771 1
772 2
773 1
774 0
775 0
776 0
777 1
778 0
779 1
780 1
781 1
782 0
783 2
784 0
785 2
786 1
787 0
788 1
789 1
790 1
791 1
792 0
793 1
794 1
795 1
796 1
797 0
798 1
799 1
800 1
801 1
802 1
803 1
804 0
805 1
806 0
807 1
808 0
809 2
810 2
811 0
812 0
813 1
814 1
815 0
816 1
817 2
818 2
819 1
820 2
821 1
822 1
823 2
824 1
825 1
826 0
827 2
828 0
829 1
830 1
831 1
832 0
833 0
834 2
835 0
836 0
837 0
838 0
839 2
840 1
841 1
842 1
843 0
844 0
845 1
846 1
847 1
848 2
849 0
850 1
851 1
852 2
853 1
854 1
855 0
856 0
857 0
858 0
859 0
860 0
861 0
862 0
863 0
864 0
865 0
866 1
867 1
868 0
869 1
870 1
871 0
872 1
873 0
874 1
875 1
876 2
877 1
878 0
879 1
880 1
881 2
882 2
883 1
884 2
885 0
886 1
887 1
888 0
889 0
890 1
891 1
892 1
893 2
894 0
895 1
896 2
897 0
898 1
899 0
900 1
901 0
902 1
903 0
904 1
905 1
906 2
907 1
908 0
909 1
910 1
911 1
912 0
913 1
914 1
915 2
916 0
917 0
918 0
919 2
920 2
921 0
922 1
923 1
924 0
925 1
926 0
927 1
928 0
929 2
930 2
931 1
932 1
933 1
934 0
935 0
936 1
937 1
938 1
939 1
940 2
941 1
942 0
943 1
944 0
945 0
946 1
947 1
948 1
949 0
950 0
951 0
952 0
953 0
954 1
955 0
956 0
957 0
958 0
959 1
960 2
961 2
962 2
963 2
964 1
965 2
966 2
967 1
968 0
969 0
970 1
971 1
972 0
973 1
974 1
975 1
976 0
977 1
978 1
979 1
980 1
981 0
982 1
983 2
984 1
985 1
986 0
987 1
988 1
989 0
990 0
991 0
992 0
993 0
994 0
995 0
996 0
997 0
998 0
999 1
1000 1
1001 1
1002 0
1003 1
1004 0
1005 0
1006 1
1007 1
1008 1
1009 1
1010 1
1011 1
1012 1
1013 1
1014 1
1015 1
1016 1
1017 1
1018 2
1019 1
1020 0
1021 0
1022 1
1023 0
1024 1
1025 1
1026 0
1027 1
1028 0
1029 0
1030 2
1031 0
1032 1
1033 1
1034 2
1035 0
1036 0
1037 1
1038 0
1039 1
1040 0
1041 0
1042 0
1043 0
1044 0
1045 2
1046 0
1047 0
1048 1
1049 0
1050 0
1051 0
1052 1
1053 1
1054 0
1055 2
1056 1
1057 2
1058 2
1059 0
1060 0
1061 1
1062 0
1063 1
1064 1
1065 1
1066 2
1067 1
1068 1
1069 2
1070 1
1071 1
1072 0
1073 0
1074 0
1075 0
1076 2
1077 1
1078 2
1079 1
1080 0
1081 2
1082 1
1083 0
1084 1
1085 0
1086 1
1087 0
1088 0
1089 0
1090 1
1091 0
1092 0
1093 0
1094 0
1095 0
1096 0
1097 0
1098 0
1099 0
1100 0
1101 1
1102 0
1103 0
1104 1
1105 0
1106 0
1107 2
1108 2
1109 2
1110 1
1111 0
1112 1
1113 0
1114 0
1115 1
1116 0
1117 0
1118 0
1119 0
1120 0
1121 0
1122 1
1123 0
1124 1
1125 1
1126 1
1127 0
1128 1
1129 1
1130 1
1131 0
1132 1
1133 0
1134 0
1135 0
1136 1
1137 0
1138 0
1139 0
1140 0
1141 0
1142 2
1143 0
1144 1
1145 1
1146 2
1147 1
1148 2
1149 2
1150 1
1151 1
1152 0
1153 0
1154 0
1155 0
1156 1
1157 1
1158 0
1159 0
1160 0
1161 0
1162 0
1163 0
1164 2
1165 0
1166 0
1167 0
1168 0
1169 0
1170 0
1171 0
1172 0
1173 0
1174 1
1175 1
1176 2
1177 0
1178 0
1179 1
1180 1
1181 0
1182 0
1183 1
1184 0
1185 1
1186 1
1187 1
1188 1
1189 1
1190 1
1191 1
1192 2
1193 2
1194 2
1195 2
1196 0
1197 2
1198 2
1199 1
1200 1
1201 2
1202 0
1203 0
1204 1
1205 1
1206 1
1207 1
1208 1
1209 0
1210 0
1211 0
1212 1
1213 1
1214 1
1215 1
1216 2
1217 1
1218 1
1219 1
1220 0
1221 1
1222 1
1223 1
1224 0
1225 2
1226 1
1227 1
1228 1
1229 0
1230 2
1231 1
1232 0
1233 0
1234 0
1235 0
1236 0
1237 1
1238 2
1239 1
1240 1
1241 0
1242 1
1243 1
1244 0
1245 1
1246 1
1247 1
1248 0
1249 1
1250 1
1251 1
1252 1
1253 0
1254 1
1255 0
1256 1
1257 2
1258 2
1259 0
1260 1
1261 1
1262 0
1263 0
1264 0
1265 1
1266 1
1267 0
1268 1
1269 1
1270 0
1271 0
1272 0
1273 1
1274 0
1275 2
1276 0
1277 2
1278 2
1279 1
1280 1
1281 1
1282 0
1283 0
1284 1
1285 1
1286 1
1287 0
1288 1
1289 2
1290 1
1291 2
1292 1
1293 0
1294 1
1295 1
1296 1
1297 1
1298 1
1299 2
1300 1
1301 1
1302 0
1303 0
1304 0
1305 0
1306 1
1307 2
1308 1
1309 1
1310 1
1311 1
1312 2
1313 1
1314 1
1315 1
1316 0
1317 1
1318 1
1319 1
1320 1
1321 2
1322 2
1323 2
1324 1
1325 1
1326 1
1327 2
1328 2
1329 1
1330 1
1331 1
1332 1
1333 1
1334 0
1335 2
1336 2
1337 1
1338 0
1339 0
1340 2
1341 2
1342 2
1343 1
1344 1
1345 0
1346 2
1347 1
1348 0
1349 2
1350 1
1351 1
1352 0
1353 0
1354 1
1355 1
1356 0
1357 0
1358 0
1359 0
1360 1
1361 1
1362 1
1363 0
1364 0
1365 1
1366 0
1367 0
1368 0
1369 1
1370 1
1371 0
1372 1
1373 1
1374 1
1375 1
1376 0
1377 0
1378 1
1379 0
1380 1
1381 1
1382 1
1383 0
1384 1
1385 0
1386 0
1387 1
1388 0
1389 1
1390 0
1391 0
1392 0
1393 1
1394 1
1395 0
1396 1
1397 0
1398 1
1399 1
1400 0
1401 1
1402 1
1403 1
1404 2
1405 0
1406 1
1407 0
1408 1
1409 1
1410 0
1411 0
1412 1
1413 1
1414 1
1415 0
1416 0
1417 0
1418 1
1419 0
1420 1
1421 0
1422 1
1423 1
1424 2
1425 0
1426 0
1427 0
1428 0
1429 0
1430 0
1431 0
1432 0
1433 0
1434 0
1435 0
1436 0
1437 0
1438 0
1439 0
1440 0
1441 0
1442 0
1443 0
1444 0
1445 1
1446 1
1447 1
1448 0
1449 0
1450 0
1451 1
1452 1
1453 1
1454 2
1455 0
1456 0
1457 1
1458 1
1459 1
1460 1
1461 0
1462 0
1463 0
1464 1
1465 1
1466 2
1467 0
1468 0
1469 0
1470 2
1471 1
1472 2
1473 0
1474 0
1475 0
1476 0
1477 1
1478 0
1479 0
1480 0
1481 0
1482 0
1483 0
1484 1
1485 0
1486 2
1487 0
1488 0
1489 0
1490 0
1491 0
1492 0
1493 1
1494 0
1495 0
1496 2
1497 1
1498 2
1499 0
1500 2
1501 2
1502 0
1503 0
1504 2
1505 0
1506 0
1507 1
1508 0
1509 1
1510 2
1511 2
1512 2
1513 0
1514 0
1515 2
1516 1
1517 2
1518 1
1519 0
1520 2
1521 0
1522 1
1523 1
1524 1
1525 1
1526 0
1527 1
1528 0
1529 1
1530 0
1531 0
1532 0
1533 0
1534 1
1535 0
1536 1
1537 2
1538 1
1539 0
1540 0
1541 1
1542 2
1543 0
1544 1
1545 0
1546 0
1547 0
1548 2
1549 0
1550 1
1551 0
1552 0
1553 0
1554 1
1555 0
1556 1
1557 0
1558 1
1559 1
1560 0
1561 1
1562 1
1563 0
1564 1
1565 1
1566 0
1567 0
1568 1
1569 0
1570 0
1571 1
1572 1
1573 2
1574 0
1575 0
1576 1
1577 0
1578 1
1579 1
1580 1
1581 1
1582 1
1583 1
1584 1
1585 1
1586 1
1587 0
1588 1
1589 0
1590 0
1591 1
1592 0
1593 1
1594 2
1595 1
1596 1
1597 1
1598 1
1599 0
1600 0
1601 1
1602 2
1603 0
1604 0
1605 2
1606 0
1607 0
1608 0
1609 0
1610 1
1611 1
1612 2
1613 0
1614 1
1615 0
1616 1
1617 0
1618 1
1619 0
1620 1
1621 2
1622 0
1623 1
1624 2
1625 0
1626 2
1627 2
1628 1
1629 1
1630 1
1631 0
1632 1
1633 1
1634 0
1635 1
1636 1
1637 1
1638 0
1639 0
1640 1
1641 0
1642 1
1643 1
1644 0
1645 0
1646 2
1647 2
1648 0
1649 2
1650 0
1651 1
1652 1
1653 0
1654 0
1655 0
1656 0
1657 2
1658 2
1659 0
1660 2
1661 1
1662 1
1663 0
1664 1
1665 0
1666 0
1667 0
1668 0
1669 0
1670 0
1671 0
1672 1
1673 0
1674 0
1675 0
1676 2
1677 1
1678 0
1679 1
1680 1
1681 1
1682 0
1683 2
1684 1
1685 2
1686 1
1687 1
1688 1
1689 1
1690 1
1691 1
1692 0
1693 0
1694 1
1695 0
1696 1
1697 0
1698 1
1699 1
1700 1
1701 1
1702 1
1703 1
1704 1
1705 1
1706 1
1707 1
1708 0
1709 0
1710 1
1711 0
1712 2
1713 2
1714 0
1715 1
1716 1
1717 1
1718 2
1719 1
1720 1
1721 1
1722 2
1723 2
1724 1
1725 2
1726 2
1727 0
1728 0
1729 0
1730 1
1731 0
1732 1
1733 1
1734 0
1735 0
1736 0
1737 0
1738 1
1739 0
1740 0
1741 2
1742 0
1743 0
1744 0
1745 0
1746 0
1747 0
1748 1
1749 1
1750 2
1751 1
1752 0
1753 0
1754 1
1755 1
1756 1
1757 1
1758 1
1759 1
1760 0
1761 0
1762 2
1763 0
1764 1
1765 1
1766 2
1767 1
1768 1
1769 2
1770 1
1771 1
1772 2
1773 2
1774 2
1775 2
1776 1
1777 1
1778 0
1779 1
1780 0
1781 1
1782 1
1783 1
1784 2
1785 0
1786 0
1787 0
1788 2
1789 0
1790 2
1791 0
1792 2
1793 0
1794 0
1795 2
1796 1
1797 0
1798 1
1799 1
1800 2
1801 2
1802 0
1803 1
1804 0
1805 0
1806 2
1807 0
1808 0
1809 0
1810 0
1811 1
1812 2
1813 1
1814 1
1815 1
1816 1
1817 0
1818 0
1819 0
1820 0
1821 0
1822 1
1823 0
1824 0
1825 0
1826 1
1827 1
1828 1
1829 1
1830 1
1831 1
1832 1
1833 2
1834 2
1835 1
1836 0
1837 1
1838 0
1839 1
1840 1
1841 1
1842 0
1843 0
1844 0
1845 1
1846 0
1847 1
1848 1
1849 1
1850 2
1851 1
1852 1
1853 0
1854 0
1855 0
1856 0
1857 0
1858 2
1859 0
1860 0
1861 2
1862 0
1863 0
1864 1
1865 0
1866 0
1867 1
1868 1
1869 0
1870 0
1871 0
1872 0
1873 2
1874 0
1875 0
1876 0
1877 1
1878 2
1879 1
1880 0
1881 1
1882 1
1883 1
1884 1
1885 1
1886 1
1887 1
1888 1
1889 0
1890 1
1891 1
1892 1
1893 0
1894 1
1895 0
1896 1
1897 0
1898 0
1899 2
1900 1
1901 1
1902 1
1903 0
1904 1
1905 1
1906 1
1907 0
1908 0
1909 0
1910 0
1911 0
1912 1
1913 1
1914 1
1915 0
1916 2
1917 0
1918 0
1919 0
1920 0
1921 1
1922 1
1923 0
1924 1
1925 2
1926 0
1927 0
1928 0
1929 1
1930 1
1931 0
1932 1
1933 0
1934 0
1935 2
1936 1
1937 2
1938 2
1939 2
1940 1
1941 1
1942 1
1943 1
1944 2
1945 1
1946 1
1947 0
1948 0
1949 0
1950 0
1951 1
1952 1
1953 0
1954 2
1955 1
1956 2
1957 1
1958 1
1959 2
1960 1
1961 2
1962 0
1963 0
1964 1
1965 0
1966 1
1967 0
1968 1
1969 0
1970 1
1971 2
1972 1
1973 0
1974 2
1975 1
1976 1
1977 1
1978 2
1979 2
1980 0
1981 0
1982 0
1983 2
1984 0
1985 1
1986 0
1987 1
1988 1
1989 0
1990 0
1991 0
1992 0
1993 2
1994 2
1995 0
1996 2
1997 1
1998 0
1999 1
2000 1
2001 0
2002 1
2003 2
2004 1
2005 2
2006 2
2007 2
2008 1
2009 2
2010 0
2011 2
2012 0
2013 1
2014 0
2015 0
2016 1
2017 0
2018 0
2019 0
2020 0
2021 1
2022 0
2023 1
2024 2
2025 0
2026 0
2027 1
2028 1
2029 1
2030 1
2031 0
2032 1
2033 0
2034 2
2035 0
2036 1
2037 1
2038 2
2039 0
2040 0
2041 1
2042 0
2043 0
2044 0
2045 0
2046 0
2047 0
2048 0
2049 1
2050 0
2051 0
2052 1
2053 2
2054 1
2055 1
2056 1
2057 2
2058 1
2059 1
2060 1
2061 1
2062 1
2063 1
2064 1
2065 2
2066 1
2067 0
2068 0
2069 1
2070 0
2071 0
2072 1
2073 1
2074 0
2075 0
2076 0
2077 0
2078 0
2079 1
2080 1
2081 1
2082 1
2083 0
2084 0
2085 1
2086 1
2087 0
2088 0
2089 0
2090 1
2091 2
2092 0
2093 1
2094 1
2095 1
2096 0
2097 1
2098 1
2099 1
2100 1
2101 1
2102 1
2103 1
2104 0
2105 1
2106 1
2107 0
2108 0
2109 1
2110 0
2111 0
2112 0
2113 1
2114 0
2115 1
2116 1
2117 1
2118 2
2119 0
2120 1
2121 1
2122 1
2123 1
2124 0
2125 0
2126 0
2127 1
2128 0
2129 1
2130 1
2131 1
2132 0
2133 1
2134 0
2135 0
2136 0
2137 0
2138 0
2139 0
2140 1
2141 0
2142 0
2143 0
2144 0
2145 0
2146 0
2147 1
2148 1
2149 1
2150 0
2151 0
2152 1
2153 1
2154 1
2155 1
2156 1
2157 1
2158 1
2159 1
2160 1
2161 1
2162 1
2163 0
2164 1
2165 0
2166 0
2167 1
2168 1
2169 0
2170 1
2171 0
2172 0
2173 1
2174 1
2175 1
2176 1
2177 2
2178 0
2179 0
2180 2
2181 0
2182 0
2183 2
2184 0
2185 0
2186 1
2187 1
2188 1
2189 1
2190 1
2191 1
2192 1
2193 1
2194 2
2195 0
2196 1
2197 1
2198 2
2199 2
2200 2
2201 2
2202 0
2203 2
2204 0
2205 0
2206 1
2207 0
2208 0
2209 1
2210 1
2211 1
2212 0
2213 0
2214 0
2215 0
2216 0
2217 0
2218 1
2219 2
2220 2
2221 1
2222 1
2223 1
2224 1
2225 0
2226 1
2227 1
2228 1
2229 1
2230 2
2231 0
2232 1
2233 1
2234 1
2235 1
2236 1
2237 1
2238 1
2239 0
2240 1
2241 1
2242 1
2243 1
2244 1
2245 0
2246 0
2247 1
2248 1
2249 1
2250 1
2251 1
2252 1
2253 1
2254 1
2255 1
2256 1
2257 2
2258 0
2259 1
2260 1
2261 2
2262 1
2263 0
2264 0
2265 0
2266 0
2267 0
2268 0
2269 1
2270 0
2271 0
2272 1
2273 0
2274 1
2275 0
2276 1
2277 1
2278 0
2279 0
2280 0
2281 1
2282 0
2283 0
2284 0
2285 2
2286 0
2287 0
2288 0
2289 0
2290 0
2291 0
2292 0
2293 0
2294 2
2295 0
2296 0
2297 0
2298 1
2299 1
2300 1
2301 2
2302 0
2303 0
2304 0
2305 0
2306 0
2307 1
2308 0
2309 0
2310 0
2311 1
2312 0
2313 0
2314 1
2315 1
2316 1
2317 0
2318 1
2319 0
2320 1
2321 1
2322 1
2323 0
2324 0
2325 2
2326 2
2327 1
2328 2
2329 0
2330 1
2331 1
2332 1
2333 0
2334 1
2335 1
2336 1
2337 2
2338 1
2339 0
2340 0
2341 0
2342 0
2343 0
2344 2
2345 0
2346 0
2347 1
2348 2
2349 1
2350 1
2351 1
2352 2
2353 2
2354 2
2355 2
2356 0
2357 1
2358 0
2359 0
2360 0
2361 0
2362 1
2363 0
2364 1
2365 2
2366 1
2367 1
2368 1
2369 0
2370 2
2371 2
2372 1
2373 2
2374 0
2375 2
2376 0
2377 2
2378 1
2379 1
2380 0
2381 0
2382 1
2383 1
2384 0
2385 2
2386 2
2387 2
2388 1
2389 0
2390 1
2391 0
2392 1
2393 1
2394 0
2395 0
2396 0
2397 0
2398 1
2399 2
2400 2
2401 1
2402 0
2403 1
2404 0
2405 1
2406 1
2407 1
2408 0
2409 0
2410 0
2411 0
2412 1
2413 1
2414 0
2415 1
2416 1
2417 1
2418 1
2419 1
2420 0
2421 0
2422 0
2423 1
2424 0
2425 1
2426 0
2427 0
2428 0
2429 1
2430 0
2431 1
2432 1
2433 1
2434 1
2435 1
2436 0
2437 0
2438 0
2439 0
2440 0
2441 0
2442 0
2443 0
2444 0
2445 1
2446 1
2447 0
2448 1
2449 0
2450 1
2451 1
2452 0
2453 1
2454 1
2455 1
2456 0
2457 0
2458 0
2459 2
2460 1
2461 0
2462 0
2463 1
2464 1
2465 1
2466 1
2467 2
2468 1
2469 1
2470 1
2471 1
2472 1
2473 0
2474 1
2475 1
2476 1
2477 0
2478 1
2479 1
2480 1
2481 1
2482 1
2483 0
2484 1
2485 0
2486 1
2487 0
2488 2
2489 0
2490 0
2491 0
2492 2
2493 0
2494 1
2495 2
2496 2
2497 2
2498 1
2499 1
2500 1
2501 0
2502 0
2503 1
2504 0
2505 0
2506 0
2507 0
2508 0
2509 0
2510 0
2511 0
2512 0
2513 0
2514 0
2515 1
2516 1
2517 2
2518 0
2519 1
2520 1
2521 1
2522 1
2523 1
2524 0
2525 1
2526 1
2527 0
2528 0
2529 1
2530 0
2531 1
2532 0
2533 1
2534 0
2535 0
2536 0
2537 0
2538 0
2539 0
2540 0
2541 1
2542 0
2543 1
2544 2
2545 0
2546 0
2547 0
2548 1
2549 2
2550 1
2551 0
2552 0
2553 0
2554 0
2555 0
2556 0
2557 0
2558 0
2559 1
2560 0
2561 0
2562 0
2563 0
2564 0
2565 0
2566 1
2567 0
2568 0
2569 0
2570 0
2571 1
2572 0
2573 0
2574 0
2575 0
2576 0
2577 0
2578 0
2579 1
2580 1
2581 0
2582 0
2583 0
2584 1
2585 0
2586 1
2587 2
2588 1
2589 1
2590 2
2591 2
2592 1
2593 1
2594 2
2595 0
2596 0
2597 1
2598 0
2599 0
2600 0
2601 0
2602 0
2603 0
2604 0
2605 0
2606 2
2607 1
2608 1
2609 0
2610 0
2611 2
2612 1
2613 2
2614 1
2615 0
2616 2
2617 0
2618 1
2619 2
2620 0
2621 0
2622 1
2623 1
2624 0
2625 1
2626 1
2627 1
2628 2
2629 0
2630 1
2631 0
2632 0
2633 1
2634 0
2635 0
2636 0
2637 1
2638 0
2639 1
2640 0
2641 1
2642 0
2643 2
2644 1
2645 0
2646 0
2647 0
2648 1
2649 1
2650 1
2651 2
2652 2
2653 1
2654 1
2655 1
2656 1
2657 0
2658 0
2659 2
2660 2
2661 0
2662 2
2663 0
2664 0
2665 0
2666 2
2667 0
2668 0
2669 2
2670 2
2671 0
2672 2
2673 0
2674 2
2675 0
2676 0
2677 1
2678 1
2679 0
2680 2
2681 0
2682 1
2683 2
2684 0
2685 0
2686 0
2687 0
2688 2
2689 0
2690 1
2691 1
2692 1
2693 2
2694 2
2695 2
2696 0
2697 0
2698 1
2699 0
2700 2
2701 1
2702 1
2703 0
2704 1
2705 1
2706 1
2707 2
2708 1
2709 2
2710 2
2711 2
2712 2
2713 1
2714 2
2715 1
2716 1
2717 1
2718 0
2719 1
2720 0
2721 1
2722 1
2723 0
2724 0
2725 1
2726 0
2727 1
2728 1
2729 0
2730 1
2731 1
2732 1
2733 0
2734 1
2735 1
2736 1
2737 1
2738 1
2739 0
2740 1
2741 1
2742 0
2743 1
2744 1
2745 2
2746 1
2747 1
2748 2
2749 2
2750 0
2751 1
2752 0
2753 0
2754 1
2755 1
2756 1
2757 1
2758 1
2759 1
2760 1
2761 1
2762 2
2763 1
2764 1
2765 1
2766 1
2767 1
2768 0
2769 1
2770 1
2771 1
2772 1
2773 1
2774 1
2775 1
2776 2
2777 2
2778 2
2779 2
2780 1
2781 1
2782 2
2783 2
2784 2
2785 0
2786 0
2787 0
2788 1
2789 0
2790 0
2791 1
2792 1
2793 2
2794 2
2795 1
2796 1
2797 2
2798 1
2799 1
2800 1
2801 1
2802 0
2803 1
2804 0
2805 0
2806 0
2807 0
2808 1
2809 1
2810 1
2811 0
2812 1
2813 1
2814 2
2815 1
2816 1
2817 2
2818 2
2819 1
2820 1
2821 0
2822 1
2823 1
2824 1
2825 1
2826 2
2827 1
2828 2
2829 1
2830 2
2831 1
2832 1
2833 1
2834 0
2835 0
2836 1
2837 0
2838 1
2839 2
2840 2
2841 1
2842 2
2843 0
2844 2
2845 1
2846 1
2847 0
2848 0
2849 0
2850 1
2851 0
2852 1
2853 0
2854 1
2855 0
2856 1
2857 1
2858 1
2859 1
2860 2
2861 0
2862 1
2863 1
2864 2
2865 0
2866 2
2867 2
2868 2
2869 0
2870 0
2871 0
2872 1
2873 0
2874 1
2875 0
2876 0
2877 2
2878 1
2879 0
2880 1
2881 1
2882 1
2883 0
2884 0
2885 1
2886 1
2887 0
2888 0
2889 1
2890 0
2891 1
2892 0
2893 0
2894 0
2895 1
2896 0
2897 2
2898 0
2899 0
2900 0
2901 1
2902 1
2903 0
2904 1
2905 2
2906 1
2907 0
2908 0
2909 0
2910 2
2911 1
2912 0
2913 0
2914 1
2915 1
2916 0
2917 0
2918 1
2919 1
2920 0
2921 2
2922 2
2923 1
2924 1
2925 1
2926 2
2927 1
2928 2
2929 0
2930 0
2931 0
2932 0
2933 1
2934 0
2935 1
2936 0
2937 1
2938 0
2939 0
2940 1
2941 0
2942 0
2943 1
2944 1
2945 1
2946 1
2947 0
2948 1
2949 0
2950 1
2951 1
2952 0
2953 0
2954 0
2955 0
2956 0
2957 1
2958 0
2959 1
2960 0
2961 1
2962 0
2963 0
2964 1
2965 1
2966 0
2967 1
2968 1
2969 1
2970 1
2971 1
2972 0
2973 1
2974 0
2975 1
2976 1
2977 1
2978 1
2979 0
2980 1
2981 1
2982 1
2983 1
2984 1
2985 1
2986 1
2987 1
2988 1
2989 1
2990 1
2991 0
2992 1
2993 1
2994 1
2995 0
2996 0
2997 0
2998 1
2999 1
3000 1
3001 0
3002 0
3003 1
3004 0
3005 2
3006 0
3007 2
3008 0
3009 1
3010 0
3011 1
3012 2
3013 0
3014 1
3015 0
3016 1
3017 0
3018 1
3019 2
3020 1
3021 1
3022 0
3023 0
3024 0
3025 0
3026 0
3027 0
3028 0
3029 1
3030 1
3031 1
3032 1
3033 2
3034 2
3035 2
3036 0
3037 1
3038 2
3039 1
3040 1
3041 1
3042 0
3043 1
3044 2
3045 1
3046 0
3047 1
3048 2
3049 1
3050 1
3051 1
3052 1
3053 1
3054 1
3055 2
3056 1
3057 2
3058 0
3059 0
3060 2
3061 2
3062 2
3063 2
3064 0
3065 0
3066 0
3067 1
3068 1
3069 1
3070 0
3071 1
3072 2
3073 2
3074 0
3075 0
3076 0
3077 1
3078 0
3079 1
3080 1
3081 1
3082 1
3083 1
3084 0
3085 1
3086 2
3087 1
3088 0
3089 0
3090 0
3091 0
3092 1
3093 1
3094 1
3095 1
3096 1
3097 1
3098 1
3099 2
3100 1
3101 2
3102 1
3103 2
3104 1
3105 0
3106 1
3107 1
3108 1
3109 0
3110 1
3111 0
3112 0
3113 0
3114 0
3115 0
3116 0
3117 0
3118 1
3119 0
3120 0
3121 0
3122 1
3123 1
3124 0
3125 1
3126 1
3127 0
3128 0
3129 0
3130 2
3131 0
3132 0
3133 1
3134 0
3135 0
3136 0
3137 2
3138 1
3139 0
3140 1
3141 1
3142 1
3143 1
3144 0
3145 0
3146 1
3147 0
3148 1
3149 0
3150 0
3151 0
3152 1
3153 1
3154 1
3155 1
3156 0
3157 1
3158 1
3159 1
3160 1
3161 1
3162 1
3163 1
3164 1
3165 1
3166 1
3167 2
3168 1
3169 2
3170 1
3171 1
3172 1
3173 1
3174 1
3175 1
3176 2
3177 1
3178 0
3179 2
3180 1
3181 2
3182 0
3183 0
3184 0
3185 1
3186 1
3187 0
3188 1
3189 1
3190 1
3191 1
3192 2
3193 2
3194 0
3195 1
3196 1
3197 0
3198 1
3199 0
3200 0
3201 1
3202 0
3203 0
3204 2
3205 2
3206 0
3207 1
3208 2
3209 0
3210 1
3211 1
3212 0
3213 2
3214 0
3215 0
3216 1
3217 1
3218 2
3219 1
3220 0
3221 1
3222 0
3223 1
3224 0
3225 1
3226 0
3227 1
3228 1
3229 1
3230 1
3231 1
3232 1
3233 1
3234 2
3235 1
3236 2
3237 0
3238 0
3239 0
3240 0
3241 1
3242 0
3243 0
3244 0
3245 0
3246 0
3247 1
3248 1
3249 1
3250 1
3251 1
3252 1
3253 1
3254 1
3255 1
3256 0
3257 0
3258 0
3259 1
3260 1
3261 1
3262 0
3263 1
3264 1
3265 1
3266 1
3267 1
3268 0
3269 1
3270 1
3271 0
3272 2
3273 1
3274 1
3275 1
3276 0
3277 2
3278 0
3279 0
3280 1
3281 1
3282 2
3283 1
3284 2
3285 1
3286 1
3287 2
3288 1
3289 2
3290 1
3291 2
3292 0
3293 1
3294 1
3295 0
3296 0
3297 1
3298 1
3299 1
3300 0
3301 0
3302 0
3303 1
3304 0
3305 1
3306 0
3307 0
3308 1
3309 1
3310 1
3311 1
3312 0
3313 0
3314 2
3315 1
3316 1
3317 0
3318 1
3319 0
3320 0
3321 1
3322 1
3323 1
3324 1
3325 1
3326 0
3327 1
3328 0
3329 0
3330 2
3331 0
3332 1
3333 1
3334 1
3335 0
3336 1
3337 0
3338 2
3339 0
3340 1
3341 0
3342 1
3343 1
3344 0
3345 0
3346 0
3347 1
3348 1
3349 0
3350 1
3351 0
3352 0
3353 0
3354 0
3355 0
3356 2
3357 0
3358 0
3359 0
3360 0
3361 0
3362 1
3363 1
3364 2
3365 2
3366 2
3367 2
3368 0
3369 1
3370 0
3371 1
3372 1
3373 0
3374 1
3375 0
3376 0
3377 1
3378 0
3379 0
3380 1
3381 1
3382 0
3383 0
3384 1
3385 1
3386 1
3387 1
3388 1
3389 1
3390 0
3391 1
3392 0
3393 1
3394 2
3395 0
3396 1
3397 1
3398 1
3399 1
3400 1
3401 1
3402 0
3403 0
3404 0
3405 0
3406 0
3407 1
3408 0
3409 2
3410 2
3411 1
3412 1
3413 0
3414 0
3415 1
3416 2
3417 0
3418 2
3419 0
3420 1
3421 1
3422 0
3423 0
3424 0
3425 0
3426 0
3427 1
3428 2
3429 1
3430 0
3431 0
3432 0
3433 0
3434 1
3435 0
3436 2
3437 1
3438 0
3439 0
3440 0
3441 2
3442 1
3443 0
3444 0
3445 0
3446 0
3447 0
3448 2
3449 0
3450 1
3451 2
3452 1
3453 2
3454 0
3455 0
3456 1
3457 0
3458 1
3459 0
3460 1
3461 0
3462 1
3463 1
3464 1
3465 0
3466 0
3467 0
3468 1
3469 0
3470 1
3471 1
3472 0
3473 0
3474 2
3475 2
3476 2
3477 1
3478 2
3479 1
3480 1
3481 1
3482 1
3483 2
3484 2
3485 1
3486 1
3487 0
3488 2
3489 1
3490 1
3491 1
3492 2
3493 0
3494 0
3495 1
3496 1
3497 0
3498 2
3499 1
3500 1
3501 1
3502 1
3503 2
3504 1
3505 1
3506 1
3507 0
3508 1
3509 0
3510 1
3511 0
3512 0
3513 1
3514 0
3515 0
3516 0
3517 1
3518 1
3519 0
3520 0
3521 0
3522 1
3523 0
3524 2
3525 0
3526 0
3527 0
3528 0
3529 1
3530 2
3531 0
3532 1
3533 0
3534 1
3535 1
3536 1
3537 2
3538 0
3539 0
3540 0
3541 0
3542 2
3543 1
3544 1
3545 1
3546 0
3547 1
3548 1
3549 2
3550 0
3551 1
3552 1
3553 0
3554 0
3555 1
3556 1
3557 0
3558 0
3559 0
3560 0
3561 1
3562 1
3563 0
3564 1
3565 0
3566 0
3567 0
3568 2
3569 0
3570 1
3571 1
3572 1
3573 1
3574 0
3575 1
3576 0
3577 1
3578 1
3579 1
3580 1
3581 2
3582 1
3583 2
3584 2
3585 1
3586 1
3587 1
3588 1
3589 1
3590 1
3591 1
3592 1
3593 0
3594 2
3595 2
3596 0
3597 0
3598 2
3599 1
3600 2
3601 1
3602 1
3603 2
3604 0
3605 1
3606 0
3607 1
3608 1
3609 1
3610 1
3611 1
3612 0
3613 0
3614 1
3615 1
3616 0
3617 1
3618 0
3619 2
3620 0
3621 1
3622 1
3623 2
3624 2
3625 2
3626 0
3627 0
3628 0
3629 0
3630 0
3631 2
3632 2
3633 0
3634 0
3635 1
3636 2
3637 2
3638 0
3639 2
3640 0
3641 0
3642 2
3643 0
3644 0
3645 1
3646 1
3647 0
3648 1
3649 2
3650 0
3651 0
3652 0
3653 1
3654 0
3655 1
3656 0
3657 1
3658 0
3659 0
3660 0
3661 1
3662 0
3663 1
3664 2
3665 1
3666 1
3667 2
3668 1
3669 1
3670 1
3671 0
3672 1
3673 1
3674 0
3675 0
3676 0
3677 2
3678 0
3679 2
3680 0
3681 0
3682 0
3683 1
3684 1
3685 0
3686 1
3687 2
3688 0
3689 1
3690 1
3691 0
3692 0
3693 0
3694 1
3695 1
3696 1
3697 0
3698 1
3699 0
3700 1
3701 0
3702 1
3703 1
3704 0
3705 1
3706 2
3707 1
3708 1
3709 0
3710 0
3711 0
3712 1
3713 0
3714 0
3715 1
3716 0
3717 0
3718 1
3719 0
3720 0
3721 0
3722 1
3723 0
3724 0
3725 1
3726 2
3727 0
3728 1
3729 1
3730 1
3731 1
3732 0
3733 0
3734 0
3735 0
3736 0
3737 0
3738 0
3739 0
3740 2
3741 1
3742 0
3743 1
3744 0
3745 0
3746 1
3747 1
3748 1
3749 0
3750 0
3751 0
3752 1
3753 0
3754 1
3755 1
3756 0
3757 2
3758 1
3759 0
3760 0
3761 0
3762 1
3763 2
3764 0
3765 1
3766 1
3767 1
3768 1
3769 0
3770 1
3771 1
3772 1
3773 1
3774 1
3775 1
3776 1
3777 0
3778 1
3779 0
3780 1
3781 0
3782 0
3783 0
3784 2
3785 1
3786 0
3787 1
3788 1
3789 1
3790 1
3791 1
3792 0
3793 0
3794 0
3795 1
3796 1
3797 0
3798 0
3799 0
3800 1
3801 0
3802 0
3803 2
3804 0
3805 0
3806 2
3807 1
3808 1
3809 1
3810 1
3811 0
3812 1
3813 1
3814 2
3815 0
3816 0
3817 0
3818 0
3819 0
3820 0
3821 0
3822 1
3823 0
3824 0
3825 0
3826 0
3827 1
3828 2
3829 0
3830 0
3831 0
3832 0
3833 0
3834 0
3835 2
3836 1
3837 1
3838 1
3839 1
3840 1
3841 1
3842 1
3843 1
3844 2
3845 0
3846 0
3847 0
3848 0
3849 0
3850 1
3851 1
3852 1
3853 0
3854 2
3855 0
3856 0
3857 1
3858 1
3859 0
3860 1
3861 1
3862 1
3863 0
3864 0
3865 1
3866 1
3867 1
3868 0
3869 1
3870 0
3871 0
3872 1
3873 1
3874 1
3875 0
3876 1
3877 1
3878 1
3879 1
3880 2
3881 2
3882 2
3883 2
3884 1
3885 1
3886 2
3887 1
3888 0
3889 0
3890 0
3891 0
3892 0
3893 1
3894 0
3895 0
3896 1
3897 0
3898 2
3899 1
3900 1
3901 0
3902 0
3903 1
3904 1
3905 2
3906 1
3907 1
3908 1
3909 1
3910 2
3911 0
3912 1
3913 1
3914 0
3915 1
3916 0
3917 1
3918 0
3919 0
3920 0
3921 1
3922 1
3923 2
3924 1
3925 1
3926 1
3927 2
3928 2
3929 1
3930 1
3931 0
3932 0
3933 0
3934 0
3935 1
3936 0
3937 0
3938 2
3939 2
3940 0
3941 0
3942 0
3943 1
3944 1
3945 0
3946 0
3947 0
3948 1
3949 1
3950 0
3951 1
3952 0
3953 2
3954 1
3955 1
3956 2
3957 1
3958 1
3959 1
3960 2
3961 2
3962 1
3963 2
3964 0
3965 0
3966 0
3967 0
3968 0
3969 1
3970 0
3971 0
3972 0
3973 0
3974 1
3975 0
3976 1
3977 2
3978 2
3979 1
3980 1
3981 1
3982 1
3983 2
3984 1
3985 1
3986 0
3987 2
3988 0
3989 1
3990 0
3991 1
3992 0
3993 1
3994 1
3995 1
3996 0
3997 0
3998 0
3999 0
4000 2
4001 1
4002 0
4003 0
4004 1
4005 1
4006 1
4007 1
4008 1
4009 0
4010 1
4011 1
4012 1
4013 1
4014 0
4015 2
4016 1
4017 2
4018 2
4019 1
4020 1
4021 1
4022 2
4023 2
4024 1
4025 1
4026 1
4027 1
4028 1
4029 1
4030 2
4031 1
4032 1
4033 0
4034 0
4035 0
4036 1
4037 2
4038 0
4039 2
4040 0
4041 2
4042 2
4043 1
4044 0
4045 2
4046 1
4047 1
4048 1
4049 0
4050 0
4051 0
4052 0
4053 0
4054 0
4055 1
4056 0
4057 0
4058 0
4059 1
4060 0
4061 2
4062 0
4063 0
4064 0
4065 0
4066 2
4067 2
4068 1
4069 1
4070 0
4071 0
4072 2
4073 0
4074 1
4075 1
4076 2
4077 0
4078 0
4079 0
4080 1
4081 0
4082 0
4083 1
4084 1
4085 1
4086 0
4087 2
4088 1
4089 1
4090 1
4091 2
4092 0
4093 0
4094 0
4095 0
4096 0
4097 1
4098 1
4099 1
4100 0
4101 1
4102 0
4103 0
4104 0
4105 0
4106 1
4107 0
4108 0
4109 0
4110 0
4111 1
4112 0
4113 0
4114 0
4115 1
4116 0
4117 0
4118 0
4119 1
4120 1
4121 0
4122 1
4123 1
4124 1
4125 1
4126 2
4127 0
4128 1
4129 0
4130 1
4131 0
4132 1
4133 0
4134 2
4135 0
4136 0
4137 0
4138 1
4139 0
4140 0
4141 1
4142 2
4143 1
4144 1
4145 1
4146 0
4147 0
4148 1
4149 0
4150 1
4151 0
4152 0
4153 0
4154 0
4155 2
4156 1
4157 1
4158 1
4159 1
4160 1
4161 1
4162 1
4163 2
4164 0
4165 1
4166 1
4167 1
4168 1
4169 1
4170 0
4171 1
4172 1
4173 1
4174 2
4175 1
4176 1
4177 0
4178 1
4179 2
4180 1
4181 1
4182 0
4183 0
4184 0
4185 1
4186 0
4187 1
4188 0
4189 0
4190 0
4191 1
4192 0
4193 2
4194 0
4195 0
4196 1
4197 1
4198 2
4199 1
4200 0
4201 1
4202 0
4203 1
4204 1
4205 2
4206 1
4207 0
4208 1
4209 0
4210 2
4211 1
4212 2
4213 0
4214 0
4215 0
4216 0
4217 0
4218 0
4219 1
4220 1
4221 2
4222 0
4223 1
4224 1
4225 0
4226 1
4227 1
4228 1
4229 1
4230 0
4231 0
4232 1
4233 2
4234 0
4235 0
4236 0
4237 0
4238 0
4239 2
4240 0
4241 0
4242 0
4243 0
4244 1
4245 0
4246 1
4247 0
4248 0
4249 0
4250 1
4251 2
4252 2
4253 1
4254 0
4255 1
4256 0
4257 0
4258 2
4259 1
4260 0
4261 1
4262 1
4263 1
4264 1
4265 1
4266 1
4267 2
4268 0
4269 0
4270 1
4271 1
4272 0
4273 1
4274 2
4275 2
4276 1
4277 2
4278 0
4279 2
4280 1
4281 2
4282 0
4283 1
4284 0
4285 1
4286 0
4287 1
4288 1
4289 1
4290 0
4291 1
4292 0
4293 0
4294 0
4295 1
4296 1
4297 1
4298 1
4299 2
4300 1
4301 1
4302 2
4303 1
4304 2
4305 1
4306 2
4307 1
4308 1
4309 1
4310 1
4311 0
4312 1
4313 1
4314 1
4315 1
4316 1
4317 0
4318 1
4319 0
4320 1
4321 0
4322 1
4323 0
4324 0
4325 1
4326 2
4327 1
4328 1
4329 2
4330 1
4331 1
4332 1
4333 1
4334 0
4335 1
4336 0
4337 1
4338 2
4339 2
4340 1
4341 1
4342 1
4343 1
4344 1
4345 1
4346 0
4347 1
4348 0
4349 0
4350 0
4351 1
4352 0
4353 0
4354 0
4355 0
4356 0
4357 0
4358 1
4359 1
4360 0
4361 1
4362 1
4363 1
4364 2
4365 2
4366 0
4367 0
4368 0
4369 0
4370 0
4371 0
4372 1
4373 0
4374 2
4375 2
4376 0
4377 0
4378 0
4379 1
4380 0
4381 0
4382 0
4383 1
4384 2
4385 0
4386 2
4387 0
4388 2
4389 2
4390 1
4391 2
4392 1
4393 0
4394 2
4395 0
4396 0
4397 1
4398 1
4399 0
4400 0
4401 1
4402 1
4403 1
4404 1
4405 0
4406 0
4407 0
4408 0
4409 1
4410 1
4411 1
4412 1
4413 2
4414 1
4415 1
4416 1
4417 1
4418 1
4419 0
4420 1
4421 0
4422 1
4423 1
4424 1
4425 0
4426 1
4427 0
4428 2
4429 1
4430 0
4431 0
4432 0
4433 2
4434 1
4435 0
4436 0
4437 0
4438 0
4439 0
4440 0
4441 0
4442 1
4443 0
4444 2
4445 2
4446 2
4447 0
4448 1
4449 0
4450 0
4451 2
4452 0
4453 0
4454 1
4455 0
4456 0
4457 0
4458 0
4459 0
4460 0
4461 0
4462 0
4463 1
4464 1
4465 0
4466 2
4467 1
4468 2
4469 0
4470 0
4471 1
4472 0
4473 0
4474 0
4475 1
4476 0
4477 0
4478 0
4479 1
4480 0
4481 0
4482 0
4483 1
4484 1
4485 0
4486 1
4487 1
4488 1
4489 0
4490 1
4491 1
4492 0
4493 1
4494 1
4495 1
4496 0
4497 1
4498 1
4499 1
4500 1
4501 1
4502 2
4503 1
4504 0
4505 0
4506 1
4507 1
4508 0
4509 1
4510 1
4511 2
4512 2
4513 0
4514 0
4515 0
4516 1
4517 0
4518 0
4519 0
4520 0
4521 0
4522 0
4523 0
4524 1
4525 0
4526 0
4527 0
4528 0
4529 0
4530 0
4531 0
4532 0
4533 0
4534 1
4535 1
4536 2
4537 1
4538 1
4539 1
4540 1
4541 2
4542 1
4543 1
4544 1
4545 1
4546 2
4547 1
4548 0
4549 1
4550 1
4551 1
4552 0
4553 0
4554 0
4555 0
4556 0
4557 2
4558 2
4559 0
4560 0
4561 1
4562 1
4563 1
4564 0
4565 1
4566 2
4567 1
4568 2
4569 0
4570 0
4571 0
4572 0
4573 1
4574 1
4575 0
4576 0
4577 1
4578 0
4579 0
4580 0
4581 0
4582 1
4583 0
4584 0
4585 1
4586 0
4587 0
4588 0
4589 1
4590 2
4591 0
4592 1
4593 1
4594 1
4595 1
4596 0
4597 2
4598 0
4599 2
4600 0
4601 1
4602 2
4603 1
4604 0
4605 0
4606 0
4607 0
4608 0
4609 0
4610 0
4611 0
4612 0
4613 0
4614 0
4615 0
4616 0
4617 0
4618 0
4619 0
4620 1
4621 0
4622 2
4623 2
4624 1
4625 1
4626 1
4627 0
4628 0
4629 1
4630 1
4631 0
4632 0
4633 0
4634 0
4635 0
4636 0
4637 1
4638 0
4639 1
4640 2
4641 0
4642 1
4643 0
4644 0
4645 1
4646 0
4647 0
4648 0
4649 0
4650 0
4651 0
4652 1
4653 1
4654 1
4655 0
4656 0
4657 1
4658 1
4659 0
4660 1
4661 0
4662 1
4663 0
4664 0
4665 0
4666 1
4667 1
4668 0
4669 1
4670 0
4671 1
4672 1
4673 1
4674 0
4675 1
4676 1
4677 1
4678 0
4679 0
4680 0
4681 1
4682 2
4683 1
4684 0
4685 1
4686 1
4687 1
4688 0
4689 1
4690 1
4691 0
4692 1
4693 0
4694 0
4695 2
4696 0
4697 2
4698 0
4699 1
4700 1
4701 0
4702 2
4703 1
4704 0
4705 0
4706 2
4707 1
4708 0
4709 1
4710 0
4711 0
4712 1
4713 2
4714 1
4715 0
4716 0
4717 1
4718 1
4719 1
4720 0
4721 1
4722 0
4723 0
4724 0
4725 0
4726 0
4727 1
4728 0
4729 0
4730 1
4731 0
4732 2
4733 0
4734 0
4735 0
4736 2
4737 1
4738 0
4739 0
4740 1
4741 2
4742 0
4743 0
4744 0
4745 1
4746 1
4747 1
4748 1
4749 1
4750 1
4751 1
4752 2
4753 2
4754 1
4755 2
4756 2
4757 0
4758 2
4759 0
4760 1
4761 1
4762 0
4763 0
4764 1
4765 0
4766 2
4767 0
4768 0
4769 1
4770 1
4771 1
4772 1
4773 0
4774 1
4775 1
4776 2
4777 1
4778 0
4779 1
4780 0
4781 0
4782 1
4783 1
4784 0
4785 0
4786 0
4787 1
4788 1
4789 0
4790 1
4791 1
4792 1
4793 1
4794 1
4795 0
4796 0
4797 0
4798 0
4799 2
4800 1
4801 0
4802 1
4803 0
4804 2
4805 0
4806 0
4807 1
4808 0
4809 0
4810 0
4811 0
4812 1
4813 1
4814 0
4815 1
4816 0
4817 1
4818 1
4819 0
4820 0
4821 1
4822 1
4823 1
4824 1
4825 1
4826 0
4827 2
4828 0
4829 0
4830 1
4831 1
4832 0
4833 1
4834 0
4835 1
4836 1
4837 2
4838 1
4839 1
4840 1
4841 2
4842 0
4843 1
4844 0
4845 2
4846 1
4847 0
4848 0
4849 1
4850 0
4851 0
4852 0
4853 0
4854 0
4855 0
4856 0
4857 1
4858 0
4859 0
4860 1
4861 0
4862 1
4863 1
4864 0
4865 0
4866 1
4867 0
4868 0
4869 1
4870 0
4871 0
4872 1
4873 0
4874 0
4875 1
4876 1
4877 1
4878 0
4879 1
4880 1
4881 0
4882 2
4883 1
4884 1
4885 0
4886 1
4887 1
4888 1
4889 1
4890 1
4891 1
4892 1
4893 2
4894 0
4895 2
4896 1
4897 1
4898 0
4899 0
4900 1
4901 1
4902 2
4903 2
4904 1
4905 0
4906 1
4907 1
4908 0
4909 2
4910 0
4911 1
4912 1
4913 1
4914 1
4915 0
4916 2
4917 0
4918 0
4919 1
4920 0
4921 0
4922 0
4923 0
4924 1
4925 1
4926 0
4927 0
4928 1
4929 1
4930 1
4931 0
4932 0
4933 1
4934 1
4935 1
4936 0
4937 0
4938 0
4939 1
4940 0
4941 1
4942 1
4943 1
4944 1
4945 1
4946 0
4947 0
4948 0
4949 0
4950 0
4951 0
4952 0
4953 0
4954 0
4955 0
4956 0
4957 0
4958 0
4959 0
4960 0
4961 1
4962 1
4963 0
4964 0
4965 0
4966 0
4967 2
4968 0
4969 0
4970 0
4971 0
4972 0
4973 1
4974 0
4975 2
4976 0
4977 0
4978 0
4979 0
4980 1
4981 0
4982 1
4983 1
4984 0
4985 0
4986 0
4987 0
4988 1
4989 1
4990 1
4991 2
4992 0
4993 1
4994 1
4995 2
4996 1
4997 0
4998 1
4999 1
5000 1
5001 1
5002 2
5003 1
5004 1
5005 0
5006 1
5007 1
5008 1
5009 1
5010 0
5011 1
5012 1
5013 0
5014 1
5015 0
5016 1
5017 0
5018 0
5019 1
5020 0
5021 0
5022 0
5023 0
5024 0
5025 0
5026 0
5027 1
5028 1
5029 1
5030 0
5031 0
5032 1
5033 1
5034 1
5035 2
5036 2
5037 0
5038 2
5039 0
5040 0
5041 0
5042 1
5043 0
5044 0
5045 0
5046 0
5047 0
5048 1
5049 0
5050 1
5051 1
5052 0
5053 0
5054 1
5055 1
5056 1
5057 0
5058 0
5059 0
5060 1
5061 1
5062 1
5063 1
5064 2
5065 0
5066 1
5067 0
5068 1
5069 0
5070 0
5071 0
5072 0
5073 1
5074 1
5075 0
5076 0
5077 0
5078 1
5079 0
5080 2
5081 0
5082 0
5083 2
5084 1
5085 0
5086 1
5087 1
5088 0
5089 1
5090 2
5091 1
5092 2
5093 2
5094 1
5095 0
5096 1
5097 1
5098 1
5099 0
5100 1
5101 0
5102 0
5103 0
5104 1
5105 0
5106 0
5107 2
5108 0
5109 1
5110 0
5111 1
5112 2
5113 1
5114 0
5115 1
5116 0
5117 0
5118 2
5119 0
5120 1
5121 1
5122 0
5123 1
5124 0
5125 1
5126 0
5127 1
5128 1
5129 1
5130 0
5131 0
5132 0
5133 2
5134 0
5135 0
5136 0
5137 0
5138 0
5139 0
5140 0
5141 0
5142 1
5143 2
5144 2
5145 1
5146 0
5147 1
5148 0
5149 0
5150 0
5151 1
