0 1
1 0
2 1
3 0
4 0
5 1
6 0
7 1
8 0
9 0
10 0
11 0
12 0
13 1
14 0
15 0
16 0
17 0
18 1
19 0
20 0
21 0
22 0
23 0
24 1
25 1
26 1
27 0
28 1
29 1
30 1
31 1
32 1
33 0
34 0
35 1
36 0
37 1
38 0
39 0
40 0
41 0
42 0
43 0
44 0
45 1
46 1
47 0
48 1
49 0
50 1
51 0
52 0
53 0
54 0
55 0
56 1
57 1
58 0
59 0
60 1
61 1
62 0
63 1
64 0
65 0
66 0
67 0
68 0
69 0
70 0
71 0
72 1
73 0
74 0
75 0
76 1
77 1
78 0
79 0
80 0
81 0
82 0
83 0
84 0
85 0
86 0
87 0
88 0
89 0
90 0
91 1
92 2
93 1
94 2
95 0
96 0
97 2
98 0
99 0
100 0
101 0
102 0
103 0
104 0
105 1
106 0
107 1
108 0
109 0
110 1
111 1
112 0
113 1
114 1
115 1
116 1
117 0
118 0
119 0
120 0
121 0
122 0
123 0
124 1
125 1
126 0
127 0
128 1
129 1
130 1
131 1
132 1
133 0
134 0
135 1
136 0
137 0
138 0
139 0
140 1
141 0
142 0
143 1
144 1
145 0
146 1
147 0
148 1
149 1
150 0
151 0
152 0
153 0
154 1
155 0
156 1
157 0
158 0
159 1
160 0
161 1
162 0
163 0
164 1
165 1
166 0
167 0
168 0
169 0
170 0
171 0
172 0
173 1
174 0
175 0
176 0
177 0
178 0
179 0
180 1
181 0
182 1
183 0
184 1
185 0
186 0
187 0
188 1
189 1
190 1
191 1
192 0
193 0
194 1
195 0
196 0
197 1
198 1
199 0
200 0
201 1
202 0
203 2
204 0
205 1
206 1
207 1
208 1
209 1
210 0
211 2
212 2
213 1
214 1
215 0
216 0
217 0
218 0
219 0
220 0
221 1
222 2
223 0
224 1
225 0
226 0
227 0
228 0
229 0
230 0
231 2
232 0
233 0
234 2
235 1
236 0
237 0
238 0
239 0
240 1
241 2
242 1
243 0
244 2
245 1
246 0
247 0
248 0
249 2
250 0
251 0
252 0
253 1
254 1
255 1
256 1
257 1
258 0
259 0
260 0
261 1
262 0
263 0
264 1
265 1
266 1
267 2
268 1
269 0
270 2
271 0
272 1
273 1
274 1
275 1
276 1
277 1
278 1
279 1
280 0
281 0
282 0
283 0
284 0
285 0
286 0
287 0
288 1
289 0
290 0
291 0
292 1
293 0
294 0
295 0
296 0
297 0
298 0
299 0
300 1
301 1
302 1
303 0
304 1
305 1
306 0
307 0
308 1
309 1
310 1
311 1
312 0
313 0
314 2
315 2
316 0
317 0
318 0
319 1
320 1
321 1
322 1
323 2
324 1
325 0
326 1
327 2
328 1
329 1
330 0
331 1
332 0
333 0
334 0
335 0
336 0
337 1
338 0
339 0
340 0
341 0
342 0
343 0
344 0
345 0
346 0
347 0
348 0
349 0
350 0
351 0
352 1
353 0
354 0
355 1
356 0
357 0
358 0
359 0
360 1
361 0
362 1
363 0
364 0
365 0
366 0
367 0
368 0
369 0
370 0
371 0
372 0
373 0
374 0
375 0
376 0
377 0
378 0
379 0
380 0
381 0
382 0
383 0
384 0
385 1
386 0
387 0
388 0
389 0
390 0
391 0
392 0
393 0
394 0
395 0
396 1
397 0
398 0
399 1
400 0
401 0
402 2
403 1
404 1
405 1
406 1
407 0
408 0
409 0
410 0
411 0
412 0
413 0
414 2
415 0
416 0
417 1
418 0
419 0
420 1
421 0
422 1
423 1
424 0
425 1
426 1
427 0
428 0
429 0
430 0
431 0
432 0
433 0
434 0
435 0
436 0
437 0
438 0
439 0
440 0
441 0
442 0
443 0
444 0
445 0
446 0
447 1
448 0
449 0
450 0
451 0
452 0
453 0
454 0
455 0
456 0
457 1
458 0
459 2
460 0
461 0
462 0
463 0
464 0
465 1
466 0
467 2
468 2
469 0
470 1
471 1
472 1
473 1
474 0
475 0
476 0
477 0
478 0
479 1
480 0
481 0
482 0
483 1
484 1
485 2
486 0
487 1
488 0
489 0
490 0
491 1
492 1
493 0
494 0
495 0
496 0
497 1
498 0
499 0
500 0
501 0
502 2
503 0
504 2
505 1
506 1
507 1
508 0
509 0
510 1
511 1
512 0
513 1
514 1
515 1
516 0
517 0
518 1
519 0
520 0
521 0
522 0
523 0
524 0
525 0
526 0
527 0
528 0
529 0
530 0
531 0
532 0
533 0
534 0
535 0
536 0
537 0
538 0
539 0
540 0
541 1
542 1
543 1
544 0
545 1
546 0
547 1
548 0
549 1
550 1
551 0
552 1
553 0
554 0
555 1
556 0
557 0
558 1
559 0
560 0
561 0
562 1
563 0
564 0
565 1
566 0
567 2
568 1
569 1
570 1
571 0
572 0
573 1
574 0
575 0
576 0
577 0
578 0
579 0
580 0
581 0
582 0
583 0
584 0
585 0
586 1
587 1
588 0
589 0
590 0
591 0
592 0
593 1
594 0
595 0
596 1
597 0
598 0
599 0
600 0
601 0
602 0
603 0
604 0
605 1
606 0
607 0
608 0
609 1
610 0
611 0
612 0
613 0
614 0
615 0
616 0
617 1
618 0
619 0
620 1
621 0
622 0
623 0
624 0
625 0
626 0
627 0
628 0
629 0
630 0
631 0
632 0
633 0
634 0
635 0
636 2
637 0
638 1
639 1
640 0
641 1
642 1
643 0
644 2
645 1
646 0
647 1
648 1
649 2
650 1
651 2
652 0
653 1
654 2
655 0
656 1
657 0
658 0
659 1
660 0
661 0
662 0
663 0
664 0
665 0
666 0
667 0
668 0
669 0
670 0
671 0
672 0
673 1
674 2
675 1
676 2
677 2
678 1
679 1
680 0
681 1
682 1
683 0
684 0
685 0
686 0
687 1
688 0
689 0
690 2
691 0
692 0
693 0
694 0
695 1
696 0
697 1
698 0
699 0
700 0
701 0
702 0
703 0
704 0
705 1
706 0
707 0
708 0
709 0
710 1
711 1
712 0
713 0
714 0
715 2
716 0
717 1
718 0
719 1
720 1
721 1
722 1
723 1
724 1
725 1
726 0
727 0
728 0
729 0
730 0
731 1
732 0
733 0
734 0
735 0
736 0
737 0
738 1
739 0
740 0
741 0
742 0
743 0
744 0
745 0
746 0
747 0
748 0
749 0
750 0
751 0
752 0
753 1
754 2
755 0
756 2
757 0
758 0
759 0
760 0
761 2
762 2
763 0
764 0
765 0
766 0
767 0
768 2
769 1
770 2
771 2
772 1
773 1
774 2
775 1
776 0
777 0
778 0
779 0
780 0
781 1
782 0
783 0
784 0
785 0
786 0
787 0
788 0
789 0
790 0
791 0
792 0
793 1
794 0
795 0
796 0
797 0
798 1
799 0
800 0
801 0
802 0
803 0
804 0
805 0
806 0
807 2
808 1
809 0
810 0
811 1
812 1
813 0
814 1
815 1
816 0
817 0
818 1
819 0
820 0
821 0
822 0
823 1
824 0
825 0
826 1
827 0
828 1
829 0
830 0
831 0
832 0
833 0
834 0
835 0
836 1
837 0
838 1
839 0
840 0
841 1
842 0
843 0
844 0
845 0
846 0
847 0
848 0
849 2
850 2
851 1
852 2
853 0
854 1
855 1
856 1
857 1
858 1
859 0
860 0
861 0
862 0
863 0
864 0
865 0
866 0
867 0
868 0
869 1
870 0
871 0
872 0
873 0
874 0
875 1
876 0
877 0
878 0
879 1
880 0
881 0
882 1
883 0
884 0
885 0
886 1
887 1
888 1
889 0
890 0
891 0
892 0
893 0
894 0
895 0
896 1
897 0
898 0
899 0
900 0
901 1
902 0
903 0
904 0
905 0
906 0
907 0
908 2
909 1
910 0
911 1
912 1
913 2
914 1
915 0
916 0
917 0
918 1
919 0
920 0
921 1
922 1
923 1
924 0
925 0
926 0
927 0
928 0
929 1
930 0
931 1
932 0
933 0
934 0
935 2
936 1
937 0
938 1
939 1
940 1
941 0
942 0
943 0
944 1
945 1
946 1
947 0
948 1
949 0
950 0
951 2
952 1
953 0
954 0
955 0
956 0
957 0
958 1
959 0
960 0
961 0
962 0
963 0
964 0
965 0
966 1
967 1
968 0
969 0
970 1
971 1
972 1
973 1
974 0
975 1
976 1
977 0
978 0
979 0
980 0
981 1
982 0
983 0
984 0
985 0
986 1
987 0
988 0
989 0
990 1
991 0
992 1
993 1
994 0
995 0
996 1
997 0
998 0
999 1
1000 1
1001 0
1002 1
1003 1
1004 1
1005 1
1006 0
1007 1
1008 1
1009 0
1010 0
1011 1
1012 0
1013 0
1014 2
1015 0
1016 0
1017 0
1018 0
1019 1
1020 0
1021 0
1022 0
1023 0
1024 0
1025 0
1026 1
1027 0
1028 0
1029 1
1030 1
1031 1
1032 1
1033 1
1034 1
1035 0
1036 1
1037 1
1038 1
1039 0
1040 0
1041 2
1042 0
1043 0
1044 0
1045 0
1046 1
1047 0
1048 1
1049 0
1050 0
1051 0
1052 0
1053 0
1054 0
1055 2
1056 0
1057 0
1058 1
1059 0
1060 0
1061 0
1062 0
1063 0
1064 0
1065 0
1066 0
1067 0
1068 0
1069 0
1070 0
1071 0
1072 1
1073 0
1074 0
1075 0
1076 0
1077 0
1078 0
1079 1
1080 1
1081 0
1082 2
1083 1
1084 2
1085 1
1086 0
1087 0
1088 1
1089 0
1090 0
1091 0
1092 0
1093 1
1094 0
1095 0
1096 0
1097 0
1098 0
1099 0
1100 0
1101 0
1102 0
1103 0
1104 0
1105 0
1106 0
1107 0
1108 1
1109 1
1110 0
1111 0
1112 0
1113 0
1114 1
1115 0
1116 0
1117 0
1118 0
1119 0
1120 1
1121 0
1122 0
1123 0
1124 0
1125 0
1126 0
1127 1
1128 1
1129 0
1130 0
1131 0
1132 0
1133 0
1134 0
1135 0
1136 0
1137 0
1138 0
1139 0
1140 0
1141 0
1142 0
1143 0
1144 0
1145 1
1146 1
1147 0
1148 0
1149 1
1150 1
1151 2
1152 0
1153 1
1154 0
1155 2
1156 0
1157 0
1158 0
1159 1
1160 2
1161 0
1162 0
1163 1
1164 1
1165 1
1166 1
1167 1
1168 1
1169 0
1170 1
1171 1
1172 0
1173 1
1174 0
1175 0
1176 1
1177 2
1178 1
1179 1
1180 0
1181 0
1182 2
1183 0
1184 0
1185 0
1186 2
1187 0
1188 1
1189 0
1190 0
1191 0
1192 0
1193 1
1194 0
1195 1
1196 0
1197 0
1198 0
1199 1
1200 0
1201 0
1202 0
1203 0
1204 0
1205 0
1206 0
1207 0
1208 0
1209 1
1210 1
1211 1
1212 1
1213 1
1214 1
1215 1
1216 0
1217 0
1218 0
1219 2
1220 0
1221 0
1222 0
1223 1
1224 1
1225 1
1226 1
1227 0
1228 0
1229 0
1230 0
1231 0
1232 0
1233 1
1234 1
1235 1
1236 0
1237 0
1238 0
1239 0
1240 0
1241 0
1242 0
1243 0
1244 0
1245 0
1246 0
1247 1
1248 1
1249 1
1250 1
1251 1
1252 1
1253 1
1254 0
1255 1
1256 2
1257 2
1258 0
1259 0
1260 1
1261 0
1262 0
1263 0
1264 0
1265 0
1266 0
1267 1
1268 0
1269 0
1270 1
1271 2
1272 0
1273 0
1274 0
1275 0
1276 0
1277 1
1278 1
1279 0
1280 0
1281 0
1282 0
1283 0
1284 1
1285 0
1286 0
1287 0
1288 0
1289 1
1290 2
1291 0
1292 0
1293 1
1294 1
1295 1
1296 0
1297 0
1298 0
1299 2
1300 1
1301 0
1302 1
1303 0
1304 1
1305 0
1306 0
1307 1
1308 1
1309 0
1310 1
1311 0
1312 1
1313 0
1314 1
1315 1
1316 1
1317 0
1318 1
1319 0
1320 1
1321 0
1322 0
1323 0
1324 0
1325 1
1326 1
1327 1
1328 1
1329 1
1330 0
1331 1
1332 0
1333 1
1334 1
1335 1
1336 0
1337 0
1338 1
1339 0
1340 0
1341 0
1342 0
1343 0
1344 1
1345 2
1346 0
1347 2
1348 1
1349 1
1350 1
1351 2
1352 1
1353 2
1354 2
1355 0
1356 0
1357 0
1358 0
1359 0
1360 0
1361 0
1362 1
1363 1
1364 0
1365 0
1366 0
1367 0
1368 0
1369 0
1370 1
1371 0
1372 1
1373 0
1374 0
1375 0
1376 0
1377 0
1378 0
1379 0
1380 0
1381 0
1382 2
1383 1
1384 1
1385 0
1386 2
1387 1
1388 1
1389 0
1390 0
1391 1
1392 1
1393 0
1394 0
1395 0
1396 0
1397 0
1398 0
1399 2
1400 0
1401 1
1402 0
1403 0
1404 0
1405 0
1406 0
1407 0
1408 0
1409 0
1410 0
1411 0
1412 0
1413 0
1414 0
1415 0
1416 0
1417 0
1418 0
1419 0
1420 0
1421 1
1422 1
1423 0
1424 1
1425 1
1426 2
1427 1
1428 1
1429 0
1430 0
1431 0
1432 0
1433 1
1434 0
1435 1
1436 0
1437 0
1438 0
1439 0
1440 0
1441 0
1442 0
1443 1
1444 1
1445 0
1446 1
1447 0
1448 1
1449 0
1450 0
1451 0
1452 0
1453 0
1454 0
1455 0
1456 0
1457 0
1458 0
1459 0
1460 0
1461 2
1462 1
1463 0
1464 0
1465 0
1466 0
1467 0
1468 0
1469 0
1470 0
1471 0
1472 0
1473 0
1474 0
1475 0
1476 0
1477 0
1478 0
1479 0
1480 1
1481 0
1482 0
1483 0
1484 0
1485 1
1486 0
1487 0
1488 0
1489 0
1490 0
1491 0
1492 0
1493 0
1494 0
1495 0
1496 0
1497 1
1498 0
1499 0
1500 0
1501 1
1502 1
1503 0
1504 1
1505 0
1506 0
1507 1
1508 1
1509 1
1510 0
1511 0
1512 0
1513 2
1514 0
1515 2
1516 1
1517 0
1518 1
1519 0
1520 2
1521 0
1522 0
1523 0
1524 0
1525 0
1526 0
1527 1
1528 0
1529 1
1530 0
1531 1
1532 0
1533 0
1534 0
1535 0
1536 0
1537 0
1538 1
1539 0
1540 0
1541 1
1542 0
1543 1
1544 1
1545 0
1546 0
1547 0
1548 2
1549 0
1550 1
1551 0
1552 2
1553 0
1554 0
1555 0
1556 0
1557 1
1558 0
1559 0
1560 0
1561 0
1562 0
1563 1
1564 0
1565 1
1566 1
1567 0
1568 1
1569 1
1570 1
1571 1
1572 1
1573 1
1574 1
1575 1
1576 1
1577 0
1578 0
1579 1
1580 0
1581 0
1582 0
1583 1
1584 1
1585 1
1586 0
1587 0
1588 0
1589 0
1590 0
1591 0
1592 0
1593 1
1594 0
1595 0
1596 1
1597 0
1598 1
1599 1
1600 0
1601 0
1602 0
1603 1
1604 0
1605 1
1606 0
1607 0
1608 0
1609 0
1610 2
1611 0
1612 1
1613 1
1614 0
1615 1
1616 0
1617 1
1618 0
1619 0
1620 1
1621 0
1622 1
1623 0
1624 0
1625 1
1626 1
1627 0
1628 1
1629 0
1630 1
1631 0
1632 1
1633 0
1634 1
1635 1
1636 1
1637 1
1638 0
1639 0
1640 0
1641 0
1642 0
1643 0
1644 1
1645 0
1646 0
1647 0
1648 0
1649 0
1650 0
1651 0
1652 1
1653 1
1654 1
1655 0
1656 1
1657 0
1658 1
1659 0
1660 0
1661 0
1662 0
1663 1
1664 0
1665 0
1666 0
1667 2
1668 2
1669 0
1670 0
1671 0
1672 1
1673 0
1674 0
1675 1
1676 1
1677 1
1678 0
1679 1
1680 1
1681 1
1682 0
1683 1
1684 1
1685 0
1686 0
1687 0
1688 0
1689 0
1690 0
1691 1
1692 1
1693 0
1694 1
1695 1
1696 2
1697 0
1698 0
1699 1
1700 1
1701 0
1702 0
1703 0
1704 0
1705 0
1706 1
1707 0
1708 0
1709 1
1710 1
1711 1
1712 0
1713 0
1714 1
1715 0
1716 0
1717 0
1718 1
1719 2
1720 2
1721 1
1722 0
1723 1
1724 0
1725 1
1726 1
1727 1
1728 0
1729 0
1730 0
1731 2
1732 2
1733 1
1734 1
1735 0
1736 0
1737 1
1738 0
1739 0
1740 1
1741 0
1742 1
1743 2
1744 0
1745 0
1746 0
1747 0
1748 0
1749 0
1750 1
1751 0
1752 1
1753 0
1754 0
1755 0
1756 0
1757 0
1758 0
1759 0
1760 0
1761 0
1762 0
1763 0
1764 0
1765 0
1766 0
1767 0
1768 1
1769 0
1770 0
1771 1
1772 2
1773 1
1774 0
1775 0
1776 0
1777 0
1778 0
1779 0
1780 1
1781 1
1782 0
1783 0
1784 0
1785 0
1786 0
1787 0
1788 0
1789 1
1790 0
1791 0
1792 0
1793 1
1794 0
1795 0
1796 0
1797 1
1798 1
1799 0
1800 0
1801 0
1802 0
1803 0
1804 1
1805 2
1806 0
1807 0
1808 2
1809 0
1810 1
1811 0
1812 0
1813 0
1814 0
1815 0
1816 0
1817 0
1818 0
1819 0
1820 0
1821 1
1822 0
1823 0
1824 0
1825 1
1826 2
1827 1
1828 1
1829 1
1830 2
1831 2
1832 1
1833 0
1834 2
1835 0
1836 0
1837 0
1838 1
1839 1
1840 1
1841 0
1842 0
1843 1
1844 1
1845 1
1846 0
1847 0
1848 0
1849 0
1850 1
1851 0
1852 2
1853 0
1854 0
1855 0
1856 1
1857 1
1858 1
1859 0
1860 0
1861 0
1862 1
1863 0
1864 1
1865 0
1866 1
1867 0
1868 0
1869 0
1870 1
1871 0
1872 0
1873 1
1874 0
1875 0
1876 0
1877 0
1878 0
1879 0
1880 0
1881 0
1882 0
1883 1
1884 0
1885 0
1886 0
1887 0
1888 1
1889 0
1890 0
1891 0
1892 0
1893 0
1894 1
1895 1
1896 0
1897 0
1898 0
1899 0
1900 0
1901 0
1902 0
1903 0
1904 1
1905 1
1906 0
1907 0
1908 1
1909 1
1910 2
1911 1
1912 0
1913 1
1914 1
1915 1
1916 0
1917 0
1918 0
1919 0
1920 1
1921 0
1922 0
1923 0
1924 1
1925 0
1926 0
1927 1
1928 1
1929 0
1930 0
1931 0
1932 0
1933 0
1934 0
1935 0
1936 1
1937 1
1938 1
1939 1
1940 0
1941 0
1942 0
1943 0
1944 2
1945 1
1946 0
1947 0
1948 1
1949 2
1950 0
1951 0
1952 1
1953 0
1954 0
1955 0
1956 0
1957 1
1958 0
1959 0
1960 0
1961 0
1962 0
1963 1
1964 0
1965 0
1966 0
1967 0
1968 0
1969 0
1970 0
1971 0
1972 0
1973 0
1974 0
1975 0
1976 1
1977 0
1978 0
1979 0
1980 1
1981 1
1982 1
1983 1
1984 1
1985 1
1986 1
1987 0
1988 0
1989 0
1990 0
1991 1
1992 1
1993 0
1994 0
1995 0
1996 1
1997 0
1998 0
1999 1
2000 1
2001 1
2002 0
2003 0
2004 1
2005 0
2006 2
2007 1
2008 1
2009 1
2010 1
2011 1
2012 0
2013 0
2014 0
2015 1
2016 0
2017 0
2018 0
2019 0
2020 0
2021 0
2022 0
2023 0
2024 0
2025 0
2026 1
2027 1
2028 1
2029 0
2030 0
2031 1
2032 2
2033 0
2034 0
2035 0
2036 0
2037 0
2038 1
2039 1
2040 1
2041 1
2042 1
2043 1
2044 0
2045 0
2046 0
2047 0
2048 1
2049 0
2050 0
2051 0
2052 0
2053 0
2054 1
2055 2
2056 0
2057 1
2058 0
2059 0
2060 0
2061 0
2062 0
2063 0
2064 2
2065 0
2066 0
2067 1
2068 0
2069 0
2070 0
2071 0
2072 0
2073 0
2074 0
2075 0
2076 0
2077 1
2078 0
2079 0
2080 1
2081 0
2082 0
2083 1
2084 0
2085 0
2086 0
2087 1
2088 0
2089 2
2090 0
2091 0
2092 2
2093 0
2094 0
2095 0
2096 0
2097 0
2098 0
2099 1
2100 0
2101 0
2102 0
2103 0
2104 0
2105 0
2106 2
2107 0
2108 1
2109 2
2110 2
2111 0
2112 1
2113 0
2114 0
2115 0
2116 0
2117 0
2118 0
2119 0
2120 2
2121 2
2122 0
2123 0
2124 2
2125 1
2126 2
2127 1
2128 1
2129 1
2130 1
2131 0
2132 1
2133 1
2134 0
2135 0
2136 0
2137 1
2138 1
2139 0
2140 1
2141 0
2142 0
2143 1
2144 1
2145 0
2146 0
2147 0
2148 1
2149 2
2150 0
2151 1
2152 0
2153 2
2154 0
2155 1
2156 2
2157 0
2158 0
2159 0
2160 0
2161 0
2162 0
2163 0
2164 0
2165 0
2166 0
2167 0
2168 0
2169 0
2170 0
2171 1
2172 0
2173 0
2174 1
2175 1
2176 0
2177 0
2178 0
2179 1
2180 0
2181 0
2182 2
2183 1
2184 0
2185 1
2186 1
2187 0
2188 0
2189 0
2190 0
2191 2
2192 0
2193 0
2194 0
2195 1
2196 0
2197 0
2198 0
2199 0
2200 0
2201 0
2202 0
2203 1
2204 0
2205 0
2206 1
2207 0
2208 1
2209 1
2210 0
2211 0
2212 0
2213 1
2214 0
2215 0
2216 0
2217 0
2218 0
2219 0
2220 0
2221 0
2222 0
2223 0
2224 1
2225 1
2226 0
2227 1
2228 0
2229 0
2230 0
2231 0
2232 0
2233 0
2234 0
2235 0
2236 0
2237 0
2238 1
2239 0
2240 0
2241 1
2242 0
2243 0
2244 0
2245 1
2246 1
2247 0
2248 0
2249 0
2250 0
2251 0
2252 0
2253 0
2254 0
2255 0
2256 0
2257 0
2258 0
2259 0
2260 1
2261 0
2262 0
2263 0
2264 0
2265 0
2266 0
2267 0
2268 1
2269 2
2270 1
2271 0
2272 1
2273 2
2274 2
2275 2
2276 2
2277 1
2278 0
2279 1
2280 1
2281 0
2282 1
2283 0
2284 0
2285 1
2286 1
2287 2
2288 0
2289 1
2290 0
2291 0
2292 0
2293 1
2294 0
2295 0
2296 0
2297 0
2298 0
2299 0
2300 0
2301 0
2302 0
2303 1
2304 0
2305 1
2306 0
2307 0
2308 0
2309 0
2310 0
2311 0
2312 0
2313 0
2314 0
2315 0
2316 0
2317 0
2318 0
2319 0
2320 0
2321 0
2322 0
2323 0
2324 0
2325 1
2326 1
2327 1
2328 1
2329 0
2330 1
2331 1
2332 0
2333 0
2334 2
2335 2
2336 1
2337 1
2338 0
2339 1
2340 0
2341 0
2342 0
2343 0
2344 1
2345 1
2346 1
2347 0
2348 0
2349 0
2350 0
2351 1
2352 0
2353 0
2354 0
2355 0
2356 1
2357 1
2358 0
2359 0
2360 0
2361 0
2362 0
2363 0
2364 0
2365 0
2366 1
2367 1
2368 0
2369 0
2370 0
2371 2
2372 1
2373 0
2374 0
2375 0
2376 0
2377 0
2378 0
2379 2
2380 0
2381 0
2382 1
2383 2
2384 2
2385 0
2386 0
2387 0
2388 0
2389 0
2390 0
2391 0
2392 0
2393 0
2394 1
2395 1
2396 0
2397 1
2398 0
2399 1
2400 0
2401 0
2402 0
2403 0
2404 0
2405 1
2406 0
2407 0
2408 0
2409 0
2410 0
2411 0
2412 0
2413 0
2414 0
2415 0
2416 0
2417 0
2418 0
2419 0
2420 1
2421 0
2422 0
2423 0
2424 1
2425 0
2426 0
2427 0
2428 1
2429 0
2430 0
2431 1
2432 0
2433 0
2434 1
2435 0
2436 0
2437 1
2438 0
2439 0
2440 1
2441 0
2442 0
2443 0
2444 0
2445 0
2446 0
2447 0
2448 0
2449 0
2450 0
2451 2
2452 1
2453 0
2454 1
2455 0
2456 0
2457 0
2458 0
2459 0
2460 1
2461 1
2462 1
2463 0
2464 1
2465 2
2466 0
2467 0
2468 1
2469 2
2470 1
2471 1
2472 2
2473 1
2474 0
2475 1
2476 0
2477 0
2478 1
2479 1
2480 2
2481 2
2482 0
2483 0
2484 1
2485 0
2486 0
2487 0
2488 0
2489 0
2490 1
2491 1
2492 0
2493 1
2494 0
2495 0
2496 0
2497 0
2498 0
2499 0
2500 1
2501 0
2502 0
2503 0
2504 1
2505 0
2506 2
2507 1
2508 1
2509 1
2510 0
2511 0
2512 0
2513 0
2514 0
2515 0
2516 0
2517 0
2518 1
2519 0
2520 0
2521 1
2522 1
2523 0
2524 0
2525 0
2526 0
2527 2
2528 0
2529 0
2530 0
2531 0
2532 0
2533 0
2534 1
2535 0
2536 0
2537 0
2538 0
2539 0
2540 0
2541 0
2542 0
2543 1
2544 0
2545 0
2546 1
2547 1
2548 0
2549 0
2550 1
2551 2
2552 0
2553 1
2554 0
2555 2
2556 0
2557 0
2558 0
2559 0
2560 0
2561 1
2562 0
2563 0
2564 1
2565 0
2566 0
2567 1
2568 1
2569 0
2570 0
2571 0
2572 0
2573 0
2574 0
2575 0
2576 0
2577 0
2578 0
2579 0
2580 0
2581 1
2582 0
2583 0
2584 0
2585 0
2586 0
2587 0
2588 0
2589 0
2590 0
2591 1
2592 0
2593 0
2594 0
2595 1
2596 2
2597 0
2598 0
2599 0
2600 1
2601 0
2602 0
2603 0
2604 0
2605 1
2606 0
2607 1
2608 2
2609 0
2610 0
2611 0
2612 0
2613 0
2614 0
2615 0
2616 0
2617 1
2618 0
2619 0
2620 0
2621 0
2622 0
2623 0
2624 1
2625 1
2626 0
2627 1
2628 0
2629 1
2630 0
2631 0
2632 0
2633 0
2634 0
2635 0
2636 0
2637 0
2638 1
2639 0
2640 0
2641 0
2642 0
2643 0
2644 0
2645 0
2646 0
2647 0
2648 0
2649 0
2650 0
2651 0
2652 1
2653 0
2654 1
2655 0
2656 0
2657 0
2658 0
2659 1
2660 0
2661 0
2662 2
2663 0
2664 0
2665 0
2666 0
2667 0
2668 1
2669 0
2670 1
2671 1
2672 1
2673 1
2674 1
2675 2
2676 2
2677 1
2678 0
2679 0
2680 0
2681 0
2682 0
2683 0
2684 0
2685 0
2686 0
2687 0
2688 0
2689 0
2690 1
2691 1
2692 0
2693 1
2694 1
2695 1
2696 0
2697 1
2698 0
2699 0
2700 0
2701 1
2702 1
2703 1
2704 1
2705 1
2706 0
2707 1
2708 1
2709 1
2710 0
2711 0
2712 1
2713 0
2714 0
2715 0
2716 0
2717 0
2718 1
2719 1
2720 1
2721 1
2722 0
2723 1
2724 1
2725 0
2726 0
2727 1
2728 0
2729 1
2730 1
2731 0
2732 2
2733 1
2734 1
2735 1
2736 0
2737 1
2738 2
2739 1
2740 1
2741 0
2742 1
2743 1
2744 1
2745 0
2746 0
2747 0
2748 0
2749 0
2750 1
2751 0
2752 0
2753 0
2754 1
2755 0
2756 0
2757 1
2758 1
2759 1
2760 0
2761 1
2762 0
2763 1
2764 0
2765 0
2766 0
2767 1
2768 0
2769 0
2770 1
2771 1
2772 0
2773 0
2774 0
2775 0
2776 0
2777 0
2778 0
2779 1
2780 0
2781 0
2782 1
2783 0
2784 1
2785 1
2786 2
2787 1
2788 1
2789 1
2790 0
2791 2
2792 1
2793 2
2794 0
2795 1
2796 1
2797 1
2798 0
2799 0
2800 0
2801 1
2802 1
2803 1
2804 0
2805 1
2806 0
2807 0
2808 0
2809 0
2810 0
2811 0
2812 0
2813 0
2814 0
2815 0
2816 0
2817 0
2818 1
2819 0
2820 1
2821 1
2822 0
2823 0
2824 0
2825 0
2826 1
2827 2
2828 0
2829 0
2830 0
2831 0
2832 0
2833 1
2834 1
2835 0
2836 2
2837 0
2838 0
2839 1
2840 0
2841 1
2842 0
2843 1
2844 0
2845 0
2846 0
2847 0
2848 0
2849 1
2850 0
2851 0
2852 0
2853 1
2854 2
2855 1
2856 1
2857 1
2858 1
2859 1
2860 0
2861 1
2862 1
2863 1
2864 0
2865 0
2866 0
2867 1
2868 0
2869 1
2870 0
2871 0
2872 0
2873 2
2874 0
2875 0
2876 1
2877 2
2878 1
2879 1
2880 0
2881 1
2882 0
2883 1
2884 0
2885 0
2886 1
2887 0
2888 1
2889 1
2890 1
2891 1
2892 0
2893 1
2894 1
2895 0
2896 1
2897 0
2898 0
2899 0
2900 2
2901 1
2902 0
2903 0
2904 0
2905 0
2906 1
2907 1
2908 0
2909 1
2910 1
2911 0
2912 0
2913 1
2914 1
2915 1
2916 1
2917 0
2918 0
2919 1
2920 1
2921 1
2922 1
2923 1
2924 1
2925 1
2926 1
2927 1
2928 1
2929 0
2930 1
2931 0
2932 0
2933 1
2934 0
2935 1
2936 0
2937 1
2938 0
2939 0
2940 1
2941 0
2942 0
2943 2
2944 1
2945 1
2946 2
2947 1
2948 0
2949 1
2950 1
2951 2
2952 2
2953 0
2954 2
2955 1
2956 2
2957 0
2958 0
2959 0
2960 0
2961 0
2962 1
2963 1
2964 0
2965 0
2966 2
2967 0
2968 0
2969 0
2970 0
2971 0
2972 0
2973 0
2974 0
2975 0
2976 0
2977 0
2978 0
2979 0
2980 1
2981 0
2982 0
2983 1
2984 1
2985 0
2986 0
2987 0
2988 0
2989 0
2990 0
2991 0
2992 0
2993 0
2994 0
2995 0
2996 0
2997 0
2998 0
2999 2
3000 0
3001 1
3002 2
3003 0
3004 0
3005 2
3006 0
3007 0
3008 0
3009 1
3010 0
3011 0
3012 0
3013 2
3014 0
3015 1
3016 1
3017 0
3018 1
3019 1
3020 1
3021 0
3022 0
3023 0
3024 0
3025 1
3026 0
3027 0
3028 0
3029 1
3030 0
3031 0
3032 0
3033 0
3034 0
3035 0
3036 0
3037 1
3038 0
3039 0
3040 0
3041 1
3042 1
3043 2
3044 1
3045 0
3046 0
3047 1
3048 1
3049 0
3050 0
3051 1
3052 0
3053 1
3054 0
3055 0
3056 0
3057 0
3058 0
3059 0
3060 1
3061 1
3062 0
3063 0
3064 0
3065 0
3066 0
3067 1
3068 0
3069 1
3070 1
3071 1
3072 0
3073 1
3074 1
3075 1
3076 0
3077 0
3078 0
3079 1
3080 0
3081 0
3082 0
3083 0
3084 0
3085 0
3086 0
3087 0
3088 0
3089 0
3090 0
3091 1
3092 0
3093 0
3094 0
3095 0
3096 0
3097 0
3098 0
3099 0
3100 1
3101 1
3102 1
3103 1
3104 1
3105 1
3106 1
3107 1
3108 0
3109 0
3110 0
3111 0
3112 0
3113 1
3114 1
3115 0
3116 0
3117 0
3118 0
3119 1
3120 0
3121 0
3122 0
3123 1
3124 1
3125 0
3126 0
3127 0
3128 0
3129 1
3130 1
3131 1
3132 0
3133 0
3134 0
3135 2
3136 1
3137 2
3138 0
3139 1
3140 1
3141 1
3142 1
3143 0
3144 0
3145 1
3146 0
3147 0
3148 2
3149 1
3150 0
3151 1
3152 0
3153 0
3154 1
3155 0
3156 0
3157 0
3158 1
3159 1
3160 0
3161 0
3162 1
3163 1
3164 1
3165 1
3166 0
3167 0
3168 0
3169 0
3170 0
3171 0
3172 0
3173 0
3174 1
3175 1
3176 0
3177 0
3178 1
3179 0
3180 0
3181 1
3182 1
3183 0
3184 0
3185 0
3186 1
3187 0
3188 1
3189 1
3190 1
3191 1
3192 0
3193 1
3194 2
3195 1
3196 1
3197 1
3198 1
3199 1
3200 2
3201 1
3202 0
3203 2
3204 1
3205 0
3206 1
3207 0
3208 1
3209 0
3210 0
3211 0
3212 1
3213 0
3214 0
3215 1
3216 0
3217 0
3218 0
3219 0
3220 0
3221 0
3222 0
3223 0
3224 0
3225 0
3226 0
3227 0
3228 0
3229 2
3230 0
3231 0
3232 2
3233 1
3234 0
3235 1
3236 1
3237 1
3238 0
3239 0
3240 0
3241 1
3242 0
3243 0
3244 0
3245 0
3246 0
3247 0
3248 0
3249 0
3250 0
3251 0
3252 0
3253 0
3254 0
3255 1
3256 0
3257 2
3258 1
3259 0
3260 1
3261 2
3262 0
3263 0
3264 1
3265 0
3266 1
3267 1
3268 1
3269 1
3270 0
3271 0
3272 0
3273 0
3274 0
3275 0
3276 0
3277 1
3278 0
3279 0
3280 0
3281 0
3282 0
3283 1
3284 1
3285 1
3286 1
3287 1
3288 0
3289 0
3290 0
3291 0
3292 0
3293 0
3294 1
3295 0
3296 0
3297 0
3298 0
3299 1
3300 2
3301 1
3302 0
3303 0
3304 0
3305 0
3306 0
3307 0
3308 1
3309 1
3310 0
3311 1
3312 1
3313 1
3314 2
3315 1
3316 0
3317 1
3318 1
3319 0
3320 0
3321 0
3322 1
3323 1
3324 1
3325 1
3326 1
3327 0
3328 0
3329 0
3330 0
3331 0
3332 1
3333 0
3334 0
3335 0
3336 0
3337 0
3338 0
3339 0
3340 0
3341 0
3342 0
3343 0
3344 0
3345 0
3346 0
3347 2
3348 0
3349 0
3350 0
3351 0
3352 0
3353 0
3354 0
3355 0
3356 0
3357 0
3358 0
3359 0
3360 0
3361 0
3362 1
3363 0
3364 0
3365 0
3366 0
3367 2
3368 2
3369 0
3370 0
3371 0
3372 0
3373 0
3374 0
3375 0
3376 0
3377 1
3378 0
3379 0
3380 0
3381 0
3382 0
3383 0
3384 2
3385 0
3386 0
3387 0
3388 0
3389 0
3390 0
3391 0
3392 1
3393 0
3394 0
3395 0
3396 0
3397 1
3398 0
3399 1
3400 1
3401 0
3402 0
3403 0
3404 0
3405 0
3406 0
3407 0
3408 0
3409 1
3410 0
3411 0
3412 0
3413 0
3414 0
3415 0
3416 0
3417 1
3418 0
3419 1
3420 0
3421 2
3422 2
3423 1
3424 0
3425 0
3426 0
3427 0
3428 0
3429 0
3430 0
3431 0
3432 0
3433 0
3434 0
3435 0
3436 0
3437 0
3438 0
3439 0
3440 0
3441 0
3442 1
3443 0
3444 0
3445 1
3446 1
3447 0
3448 1
3449 0
3450 0
3451 0
3452 1
3453 1
3454 1
3455 0
3456 1
3457 1
3458 1
3459 1
3460 1
3461 1
3462 0
3463 0
3464 1
3465 0
3466 1
3467 0
3468 0
3469 1
3470 1
3471 1
3472 1
3473 1
3474 0
3475 0
3476 0
3477 0
3478 0
3479 0
3480 1
3481 0
3482 0
3483 0
3484 0
3485 1
3486 2
3487 0
3488 0
3489 0
3490 0
3491 0
3492 0
3493 0
3494 0
3495 0
3496 1
3497 0
3498 0
3499 0
3500 0
3501 0
3502 0
3503 1
3504 0
3505 1
3506 1
3507 1
3508 1
3509 1
3510 1
3511 1
3512 1
3513 0
3514 0
3515 1
3516 0
3517 0
3518 0
3519 2
3520 0
3521 0
3522 0
3523 0
3524 0
3525 0
3526 0
3527 0
3528 0
3529 0
3530 1
3531 1
3532 0
3533 0
3534 1
3535 2
3536 0
3537 0
3538 2
3539 0
3540 0
3541 1
3542 0
3543 1
3544 0
3545 0
3546 0
3547 0
3548 0
3549 1
3550 0
3551 1
3552 1
3553 0
3554 1
3555 0
3556 1
3557 0
3558 0
3559 1
3560 2
3561 0
3562 0
3563 0
3564 0
3565 0
3566 0
3567 1
3568 0
3569 1
3570 0
3571 1
3572 1
3573 2
3574 0
3575 2
3576 1
3577 1
3578 0
3579 1
3580 0
3581 0
3582 1
3583 0
3584 1
3585 0
3586 0
3587 0
3588 2
3589 0
3590 0
3591 0
3592 0
3593 1
3594 1
3595 2
3596 0
3597 0
3598 1
3599 0
3600 1
3601 0
3602 0
3603 0
3604 2
3605 0
3606 0
3607 0
3608 1
3609 0
3610 0
3611 0
3612 0
3613 0
3614 0
3615 0
3616 1
3617 0
3618 0
3619 1
3620 0
3621 0
3622 1
3623 0
3624 0
3625 1
3626 0
3627 1
3628 1
3629 0
3630 0
3631 0
3632 0
3633 0
3634 0
3635 0
3636 0
3637 0
3638 0
3639 0
3640 1
3641 1
3642 0
3643 0
3644 0
3645 0
3646 0
3647 1
3648 2
3649 0
3650 0
3651 1
3652 0
3653 0
3654 1
3655 0
3656 0
3657 0
3658 0
3659 1
3660 1
3661 1
3662 1
3663 1
3664 1
3665 1
3666 1
3667 1
3668 0
3669 1
3670 1
3671 1
3672 1
3673 1
3674 1
3675 1
3676 0
3677 1
3678 1
3679 1
3680 0
3681 0
3682 1
3683 1
3684 1
3685 1
3686 1
3687 1
3688 1
3689 2
3690 1
3691 0
3692 2
3693 0
3694 0
3695 0
3696 0
3697 1
3698 0
3699 0
3700 0
3701 0
3702 0
3703 0
3704 1
3705 1
3706 0
3707 1
3708 1
3709 1
3710 0
3711 1
3712 0
3713 1
3714 2
3715 0
3716 0
3717 0
3718 0
3719 0
3720 1
3721 0
3722 0
3723 0
3724 2
3725 0
3726 1
3727 1
3728 1
3729 0
3730 1
3731 1
3732 1
3733 0
3734 0
3735 0
3736 0
3737 0
3738 0
3739 0
3740 1
3741 1
3742 0
3743 0
3744 0
3745 0
3746 0
3747 0
3748 0
3749 0
3750 0
3751 0
3752 0
3753 0
3754 0
3755 1
3756 1
3757 1
3758 0
3759 2
3760 1
3761 0
3762 1
3763 0
3764 2
3765 0
3766 0
3767 0
3768 0
3769 2
3770 0
3771 0
3772 0
3773 0
3774 0
3775 0
3776 0
3777 2
3778 1
3779 0
3780 0
3781 0
3782 1
3783 0
3784 0
3785 0
3786 0
3787 0
3788 0
3789 0
3790 0
3791 0
3792 0
3793 0
3794 0
3795 0
3796 0
3797 1
3798 0
3799 2
3800 1
3801 1
3802 0
3803 0
3804 0
3805 1
3806 0
3807 0
3808 0
3809 0
3810 0
3811 0
3812 0
3813 0
3814 0
3815 0
3816 1
3817 0
3818 0
3819 0
3820 0
3821 0
3822 0
3823 0
3824 1
3825 0
3826 1
3827 1
3828 0
3829 0
3830 0
3831 0
3832 0
3833 0
3834 0
3835 0
3836 0
3837 0
3838 0
3839 1
3840 0
3841 1
3842 1
3843 0
3844 0
3845 0
3846 0
3847 0
3848 1
3849 0
3850 0
3851 0
3852 1
3853 0
3854 0
3855 0
3856 2
3857 1
3858 1
3859 1
3860 1
3861 2
3862 1
3863 1
3864 1
3865 0
3866 1
3867 2
3868 0
3869 1
3870 1
3871 1
3872 0
3873 0
3874 1
3875 1
3876 1
3877 1
3878 1
3879 1
3880 0
3881 1
3882 0
3883 0
3884 0
3885 1
3886 0
3887 0
3888 0
3889 1
3890 2
3891 0
3892 0
3893 0
3894 1
3895 1
3896 1
3897 0
3898 0
3899 0
3900 0
3901 0
3902 1
3903 1
3904 1
3905 1
3906 1
3907 1
3908 1
3909 0
3910 0
3911 0
3912 0
3913 0
3914 0
3915 0
3916 1
3917 1
3918 1
3919 1
3920 1
3921 0
3922 0
3923 0
3924 0
3925 0
3926 0
3927 0
3928 0
3929 0
3930 1
3931 0
3932 0
3933 1
3934 0
3935 0
3936 1
3937 0
3938 1
3939 0
3940 1
3941 1
3942 1
3943 1
3944 1
3945 1
3946 1
3947 0
3948 0
3949 0
3950 1
3951 1
3952 0
3953 0
3954 0
3955 0
3956 2
3957 0
3958 1
3959 1
3960 1
3961 0
3962 0
3963 0
3964 0
3965 0
3966 0
3967 0
3968 1
3969 0
3970 0
3971 0
3972 1
3973 0
3974 1
3975 0
3976 0
3977 1
3978 0
3979 0
3980 1
3981 2
3982 1
3983 1
3984 1
3985 0
3986 1
3987 0
3988 0
3989 0
3990 1
3991 0
3992 0
3993 0
3994 0
3995 0
3996 1
3997 0
3998 1
3999 0
4000 0
4001 0
4002 1
4003 0
4004 0
4005 0
4006 0
4007 2
4008 0
4009 1
4010 2
4011 0
4012 1
4013 2
4014 1
4015 1
4016 1
4017 1
4018 1
4019 1
4020 1
4021 1
4022 1
4023 1
4024 1
4025 0
4026 0
4027 0
4028 0
4029 1
4030 1
4031 1
4032 1
4033 1
4034 0
4035 0
4036 0
4037 0
4038 0
4039 0
4040 0
4041 0
4042 1
4043 0
4044 0
4045 1
4046 0
4047 0
4048 0
4049 0
4050 0
4051 1
4052 0
4053 1
4054 1
4055 0
4056 0
4057 0
4058 0
4059 0
4060 1
4061 0
4062 1
4063 1
4064 1
4065 1
4066 0
4067 0
4068 0
4069 0
4070 0
4071 0
4072 1
4073 0
4074 1
4075 1
4076 1
4077 0
4078 1
4079 1
4080 1
4081 1
4082 0
4083 0
4084 0
4085 0
4086 1
4087 0
4088 0
4089 0
4090 2
4091 1
4092 1
4093 1
4094 1
4095 0
4096 1
4097 2
4098 0
4099 0
4100 0
4101 1
4102 0
4103 0
4104 0
4105 0
4106 1
4107 0
4108 0
4109 1
4110 2
4111 1
4112 0
4113 0
4114 0
4115 0
4116 0
4117 0
4118 0
4119 1
4120 1
4121 2
4122 0
4123 1
4124 1
4125 1
4126 1
4127 1
4128 1
4129 1
4130 1
4131 0
4132 0
4133 0
4134 1
4135 1
4136 0
4137 1
4138 2
4139 0
4140 1
4141 0
4142 0
4143 2
4144 0
4145 0
4146 2
4147 0
4148 0
4149 0
4150 0
4151 0
4152 0
4153 1
4154 0
4155 0
4156 0
4157 0
4158 0
4159 0
4160 0
4161 0
4162 0
4163 1
4164 0
4165 0
4166 0
4167 1
4168 0
4169 0
4170 1
4171 0
4172 0
4173 0
4174 1
4175 0
4176 0
4177 0
4178 0
4179 1
4180 1
4181 0
4182 0
4183 1
4184 0
4185 0
4186 0
4187 0
4188 0
4189 0
4190 0
4191 0
4192 0
4193 0
4194 0
4195 0
4196 0
4197 0
4198 0
4199 0
4200 0
4201 0
4202 0
4203 1
4204 0
4205 0
4206 0
4207 0
4208 0
4209 0
4210 0
4211 1
4212 1
4213 0
4214 1
4215 1
4216 0
4217 1
4218 0
4219 1
4220 1
4221 2
4222 1
4223 0
4224 0
4225 0
4226 0
4227 0
4228 0
4229 0
4230 0
4231 0
4232 1
4233 0
4234 0
4235 1
4236 0
4237 1
4238 0
4239 0
4240 1
4241 1
4242 1
4243 0
4244 2
4245 1
4246 0
4247 0
4248 1
4249 1
4250 0
4251 1
4252 1
4253 1
4254 0
4255 0
4256 1
4257 1
4258 1
4259 1
4260 0
4261 0
4262 1
4263 1
4264 0
4265 0
4266 0
4267 0
4268 0
4269 0
4270 0
4271 0
4272 0
4273 0
4274 0
4275 1
4276 0
4277 0
4278 0
4279 0
4280 1
4281 0
4282 0
4283 0
4284 1
4285 1
4286 1
4287 0
4288 0
4289 1
4290 0
4291 1
4292 1
4293 0
4294 0
4295 1
4296 1
4297 2
4298 0
4299 0
4300 1
4301 1
4302 1
4303 0
4304 0
4305 0
4306 0
4307 1
4308 0
4309 1
4310 1
4311 2
4312 0
4313 0
4314 0
4315 1
4316 0
4317 1
4318 1
4319 0
4320 1
4321 0
4322 0
4323 1
4324 0
4325 0
4326 0
4327 2
4328 0
4329 0
4330 0
4331 0
4332 0
4333 2
4334 0
4335 0
4336 1
4337 0
4338 0
4339 0
4340 0
4341 0
4342 0
4343 0
4344 0
4345 0
4346 0
4347 0
4348 0
4349 0
4350 1
4351 0
4352 0
4353 0
4354 0
4355 1
4356 0
4357 1
4358 2
4359 0
4360 0
4361 0
4362 0
4363 1
4364 0
4365 1
4366 0
4367 0
4368 0
4369 2
4370 1
4371 0
4372 1
4373 2
4374 1
4375 2
4376 1
4377 1
4378 1
4379 0
4380 0
4381 0
4382 0
4383 1
4384 0
4385 0
4386 0
4387 1
4388 1
4389 1
4390 1
4391 0
4392 1
4393 1
4394 1
4395 1
4396 0
4397 1
4398 0
4399 1
4400 2
4401 1
4402 2
4403 1
4404 2
4405 1
4406 1
4407 0
4408 0
4409 1
4410 0
4411 0
4412 0
4413 0
4414 0
4415 0
4416 1
4417 0
4418 0
4419 2
4420 0
4421 0
4422 0
4423 0
4424 0
4425 0
4426 0
4427 0
4428 0
4429 0
4430 0
4431 2
4432 1
4433 0
4434 0
4435 0
4436 0
4437 0
4438 0
4439 0
4440 0
4441 1
4442 0
4443 0
4444 1
4445 0
4446 0
4447 0
4448 0
4449 0
4450 0
4451 0
4452 0
4453 2
4454 1
4455 2
4456 2
4457 1
4458 1
4459 1
4460 0
4461 0
4462 0
4463 0
4464 1
4465 0
4466 1
4467 0
4468 0
4469 0
4470 0
4471 0
4472 0
4473 0
4474 0
4475 0
4476 1
4477 1
4478 1
4479 0
4480 0
4481 0
4482 1
4483 1
4484 0
4485 1
4486 1
4487 0
4488 0
4489 1
4490 0
4491 0
4492 0
4493 0
4494 0
4495 0
4496 2
4497 2
4498 0
4499 0
4500 0
4501 0
4502 0
4503 0
4504 0
4505 0
4506 0
4507 0
4508 1
4509 0
4510 0
4511 0
4512 1
4513 0
4514 0
4515 1
4516 2
4517 0
4518 0
4519 0
4520 0
4521 0
4522 1
4523 1
4524 0
4525 1
4526 0
4527 0
4528 0
4529 0
4530 0
4531 0
4532 0
4533 0
4534 0
4535 1
4536 1
4537 0
4538 0
4539 0
4540 0
4541 0
4542 1
4543 0
4544 1
4545 0
4546 0
4547 0
4548 0
4549 0
4550 0
4551 0
4552 0
4553 0
4554 0
4555 0
4556 0
4557 0
4558 0
4559 2
4560 0
4561 0
4562 1
4563 1
4564 0
4565 0
4566 1
4567 0
4568 0
4569 1
4570 0
4571 1
4572 1
4573 0
4574 0
4575 1
4576 1
4577 1
4578 1
4579 1
4580 1
4581 0
4582 0
4583 0
4584 0
4585 1
4586 2
4587 0
4588 0
4589 0
4590 0
4591 0
4592 1
4593 0
4594 0
4595 2
4596 1
4597 0
4598 0
4599 0
4600 0
4601 0
4602 1
4603 0
4604 0
4605 0
4606 0
4607 0
4608 0
4609 1
4610 0
4611 0
4612 1
4613 0
4614 1
4615 1
4616 0
4617 0
4618 1
4619 0
4620 0
4621 1
4622 0
4623 1
4624 1
4625 0
4626 0
4627 0
4628 1
4629 1
4630 1
4631 0
4632 0
4633 1
4634 1
4635 1
4636 0
4637 0
4638 1
4639 1
4640 0
4641 1
4642 1
4643 1
4644 1
4645 1
4646 0
4647 0
4648 1
4649 1
4650 0
4651 0
4652 0
4653 2
4654 1
4655 2
4656 2
4657 0
4658 0
4659 1
4660 2
4661 1
4662 0
4663 1
4664 0
4665 0
4666 0
4667 0
4668 1
4669 0
4670 2
4671 0
4672 0
4673 1
4674 2
4675 0
4676 0
4677 0
4678 1
4679 0
4680 1
4681 2
4682 1
4683 1
4684 0
4685 1
4686 1
4687 1
4688 0
4689 1
4690 0
4691 0
4692 1
4693 1
4694 0
4695 1
4696 1
4697 0
4698 1
4699 1
4700 0
4701 1
4702 1
4703 0
4704 0
4705 1
4706 1
4707 0
4708 1
4709 0
4710 1
4711 0
4712 2
4713 0
4714 0
4715 1
4716 1
4717 1
4718 1
4719 2
4720 1
4721 0
4722 1
4723 0
4724 1
4725 1
4726 0
4727 1
4728 1
4729 0
4730 0
4731 0
4732 0
4733 1
4734 0
4735 0
4736 0
4737 1
4738 0
4739 0
4740 2
4741 1
4742 0
4743 0
4744 0
4745 0
4746 0
4747 0
4748 0
4749 1
4750 1
4751 1
4752 1
4753 1
4754 1
4755 1
4756 0
4757 0
4758 0
4759 0
4760 1
4761 0
4762 0
4763 0
4764 2
4765 1
4766 0
4767 0
4768 0
4769 2
4770 0
4771 1
4772 0
4773 1
4774 1
4775 1
4776 0
4777 0
4778 1
4779 1
4780 0
4781 0
4782 0
4783 0
4784 1
4785 0
4786 0
4787 0
4788 0
4789 1
4790 1
4791 2
4792 1
4793 1
4794 1
4795 1
4796 0
4797 1
4798 0
4799 0
4800 0
4801 0
4802 0
4803 0
4804 1
4805 2
4806 2
4807 0
4808 0
4809 0
4810 1
4811 1
4812 0
4813 0
4814 0
4815 0
4816 0
4817 0
4818 0
4819 0
4820 0
4821 0
4822 0
4823 0
4824 1
4825 2
4826 0
4827 1
4828 1
4829 0
4830 2
4831 1
4832 1
4833 0
4834 0
4835 1
4836 0
4837 0
4838 0
4839 0
4840 0
4841 1
4842 0
4843 1
4844 0
4845 0
4846 0
4847 1
4848 0
4849 1
4850 0
4851 0
4852 0
4853 1
4854 1
4855 1
4856 2
4857 1
4858 0
4859 2
4860 1
4861 0
4862 0
4863 0
4864 0
4865 0
4866 0
4867 0
4868 0
4869 1
4870 0
4871 1
4872 0
4873 0
4874 0
4875 0
4876 1
4877 0
4878 0
4879 1
4880 1
4881 0
4882 0
4883 0
4884 1
4885 0
4886 0
4887 0
4888 0
4889 0
4890 0
4891 2
4892 0
4893 0
4894 0
4895 0
4896 0
4897 0
4898 0
4899 0
4900 1
4901 0
4902 1
4903 1
4904 0
4905 0
4906 2
4907 1
4908 0
4909 0
4910 0
4911 0
4912 0
4913 1
4914 2
4915 0
4916 0
4917 1
4918 1
4919 0
4920 0
4921 1
4922 1
4923 1
4924 1
4925 1
4926 0
4927 0
4928 0
4929 1
4930 0
4931 0
4932 0
4933 0
4934 1
4935 1
4936 1
4937 0
4938 1
4939 0
4940 1
4941 2
4942 0
4943 0
4944 0
4945 0
4946 0
4947 2
4948 0
4949 0
4950 1
4951 0
4952 2
4953 1
4954 1
4955 0
4956 0
4957 1
4958 1
4959 1
4960 1
4961 1
4962 1
4963 1
4964 0
4965 0
4966 1
4967 0
4968 0
4969 0
4970 1
4971 1
4972 1
4973 1
4974 2
4975 1
4976 0
4977 0
4978 0
4979 0
4980 0
4981 0
4982 1
4983 1
4984 1
4985 1
4986 1
4987 0
4988 0
4989 1
4990 1
4991 0
4992 0
4993 1
4994 1
4995 2
4996 1
4997 0
4998 0
4999 0
5000 0
5001 0
5002 1
5003 1
5004 2
5005 0
5006 2
5007 1
5008 1
5009 2
5010 1
5011 1
5012 0
5013 0
5014 1
5015 0
5016 1
5017 0
5018 0
5019 0
5020 1
5021 1
5022 0
5023 1
5024 0
5025 0
5026 0
5027 0
5028 0
5029 0
5030 1
5031 1
5032 1
5033 1
5034 1
5035 0
5036 1
5037 1
5038 1
5039 1
5040 1
5041 1
5042 1
5043 1
5044 1
5045 1
5046 1
5047 2
5048 1
5049 1
5050 0
5051 1
5052 0
5053 0
5054 0
5055 0
5056 0
5057 0
5058 0
5059 1
5060 0
5061 0
5062 0
5063 0
5064 0
5065 0
5066 1
5067 1
5068 1
5069 0
5070 1
5071 1
5072 0
5073 1
5074 0
5075 1
5076 0
5077 0
5078 0
5079 0
5080 0
5081 0
5082 0
5083 0
5084 0
5085 0
5086 0
5087 0
5088 0
5089 1
5090 0
5091 0
5092 0
5093 1
5094 1
5095 0
5096 2
5097 1
5098 2
5099 1
5100 1
5101 1
5102 0
5103 1
5104 0
5105 1
5106 1
5107 1
5108 0
5109 1
5110 0
5111 1
5112 1
5113 0
5114 0
5115 0
5116 0
5117 1
5118 0
5119 0
5120 1
5121 1
5122 1
5123 0
5124 1
5125 0
5126 0
5127 0
5128 0
5129 0
5130 0
5131 0
5132 0
5133 0
5134 0
5135 1
5136 0
5137 0
5138 0
5139 0
5140 1
5141 0
5142 1
5143 0
5144 0
5145 1
5146 1
5147 1
5148 1
5149 0
5150 1
5151 1
5152 0
5153 0
5154 1
5155 0
5156 0
5157 1
5158 0
5159 0
5160 0
5161 0
5162 0
5163 0
5164 0
5165 0
5166 0
5167 1
5168 0
5169 0
5170 1
5171 1
5172 1
5173 1
5174 0
5175 0
5176 0
5177 1
5178 0
5179 0
5180 0
5181 0
5182 0
5183 1
5184 0
5185 1
5186 0
5187 0
5188 0
5189 0
5190 0
5191 0
5192 0
5193 1
5194 0
5195 0
5196 1
5197 0
5198 0
5199 1
5200 0
5201 0
5202 0
5203 1
5204 2
5205 2
5206 1
5207 2
5208 0
5209 1
5210 1
5211 1
5212 1
5213 0
5214 0
5215 1
5216 1
5217 0
5218 1
5219 0
5220 1
5221 0
5222 0
5223 1
5224 0
5225 0
5226 1
5227 2
5228 0
5229 1
5230 1
5231 0
5232 0
5233 1
5234 0
5235 2
5236 0
5237 0
5238 0
5239 0
5240 0
5241 1
5242 0
5243 0
5244 0
5245 0
5246 0
5247 1
5248 1
5249 1
5250 0
5251 0
5252 0
5253 0
5254 2
5255 1
5256 1
5257 1
5258 1
5259 1
5260 0
