0 2
1 2
2 2
3 0
4 1
5 1
6 1
7 1
8 2
9 1
10 1
11 1
12 1
13 2
14 1
15 1
16 0
17 1
18 1
19 1
20 1
21 1
22 0
23 1
24 1
25 1
26 0
27 0
28 1
29 0
30 1
31 1
32 2
33 1
34 1
35 2
36 0
37 2
38 2
39 1
40 1
41 0
42 1
43 1
44 0
45 0
46 0
47 1
48 1
49 1
50 1
51 1
52 0
53 0
54 1
55 1
56 0
57 0
58 1
59 1
60 0
61 0
62 0
63 0
64 1
65 1
66 2
67 0
68 1
69 0
70 1
71 0
72 1
73 1
74 0
75 0
76 1
77 1
78 0
79 0
80 0
81 0
82 1
83 1
84 2
85 1
86 0
87 1
88 1
89 1
90 1
91 1
92 2
93 1
94 1
95 1
96 1
97 0
98 1
99 1
100 1
101 2
102 1
103 2
104 1
105 1
106 1
107 2
108 1
109 1
110 1
111 1
112 2
113 0
114 0
115 1
116 1
117 1
118 1
119 1
120 1
121 1
122 1
123 1
124 1
125 1
126 1
127 1
128 1
129 1
130 1
131 2
132 2
133 0
134 1
135 1
136 1
137 1
138 0
139 1
140 1
141 1
142 0
143 1
144 1
145 1
146 1
147 1
148 1
149 1
150 1
151 1
152 1
153 1
154 1
155 2
156 1
157 1
158 2
159 1
160 0
161 1
162 0
163 1
164 1
165 1
166 2
167 1
168 2
169 1
170 1
171 2
172 1
173 1
174 2
175 1
176 1
177 2
178 1
179 1
180 1
181 1
182 2
183 1
184 1
185 1
186 1
187 0
188 1
189 0
190 1
191 1
192 1
193 0
194 1
195 0
196 1
197 1
198 0
199 1
200 1
201 1
202 1
203 1
204 2
205 1
206 2
207 1
208 1
209 1
210 1
211 1
212 2
213 1
214 1
215 2
216 2
217 2
218 2
219 1
220 2
221 2
222 2
223 1
224 2
225 1
226 2
227 2
228 2
229 1
230 1
231 1
232 0
233 2
234 1
235 1
236 1
237 1
238 2
239 1
240 1
241 1
242 1
243 1
244 0
245 1
246 0
247 2
248 0
249 0
250 1
251 2
252 2
253 2
254 0
255 0
256 2
257 1
258 2
259 2
260 2
261 1
262 0
263 0
264 1
265 1
266 1
267 2
268 1
269 1
270 0
271 1
272 0
273 1
274 0
275 0
276 0
277 1
278 0
279 1
280 1
281 1
282 0
283 1
284 1
285 1
286 1
287 1
288 1
289 1
290 1
291 2
292 0
293 0
294 2
295 2
296 1
297 1
298 0
299 1
300 1
301 1
302 1
303 2
304 2
305 1
306 2
307 2
308 2
309 1
310 2
311 2
312 1
313 2
314 2
315 1
316 1
317 1
318 1
319 1
320 1
321 0
322 2
323 1
324 1
325 1
326 1
327 1
328 1
329 1
330 2
331 1
332 1
333 2
334 1
335 0
336 1
337 0
338 0
339 1
340 1
341 1
342 1
343 0
344 0
345 0
346 1
347 1
348 1
349 1
350 1
351 1
352 2
353 2
354 1
355 2
356 1
357 1
358 2
359 1
360 1
361 1
362 1
363 1
364 1
365 1
366 2
367 1
368 1
369 1
370 1
371 1
372 1
373 2
374 2
375 1
376 1
377 1
378 2
379 1
380 2
381 2
382 1
383 1
384 2
385 0
386 2
387 1
388 1
389 1
390 1
391 1
392 1
393 2
394 1
395 1
396 1
397 2
398 0
399 1
400 1
401 1
402 1
403 1
404 1
405 2
406 1
407 1
408 1
409 1
410 1
411 1
412 2
413 2
414 1
415 1
416 2
417 1
418 1
419 2
420 1
421 2
422 1
423 1
424 1
425 1
426 1
427 1
428 1
429 1
430 1
431 1
432 2
433 1
434 0
435 1
436 0
437 1
438 1
439 2
440 1
441 2
442 2
443 1
444 1
445 1
446 1
447 1
448 2
449 2
450 1
451 2
452 1
453 1
454 1
455 0
456 0
457 0
458 1
459 1
460 1
461 1
462 1
463 0
464 0
465 1
466 1
467 1
468 1
469 1
470 2
471 2
472 2
473 2
474 2
475 2
476 1
477 1
478 1
479 1
480 0
481 2
482 1
483 2
484 2
485 1
486 2
487 1
488 2
489 1
490 2
491 1
492 1
493 0
494 1
495 1
496 1
497 1
498 1
499 1
500 0
501 0
502 0
503 1
504 1
505 1
506 1
507 1
508 1
509 2
510 1
511 2
512 1
513 2
514 2
515 1
516 1
517 1
518 0
519 1
520 1
521 1
522 1
523 1
524 0
525 1
526 1
527 1
528 1
529 1
530 1
531 0
532 0
533 0
534 1
535 0
536 1
537 2
538 1
539 1
540 2
541 0
542 1
543 0
544 1
545 1
546 2
547 2
548 1
549 2
550 1
551 1
552 1
553 1
554 1
555 2
556 0
557 1
558 1
559 1
560 1
561 1
562 1
563 2
564 2
565 1
566 2
567 1
568 1
569 2
570 1
571 1
572 1
573 2
574 1
575 2
576 1
577 2
578 2
579 1
580 2
581 0
582 1
583 1
584 1
585 1
586 2
587 1
588 1
589 1
590 1
591 1
592 2
593 1
594 1
595 2
596 1
597 1
598 2
599 2
600 1
601 1
602 2
603 1
604 1
605 2
606 2
607 1
608 1
609 0
610 2
611 2
612 1
613 1
614 2
615 1
616 1
617 2
618 2
619 2
620 2
621 1
622 2
623 1
624 1
625 1
626 1
627 1
628 1
629 2
630 1
631 1
632 0
633 1
634 0
635 1
636 0
637 0
638 1
639 2
640 2
641 2
642 2
643 1
644 1
645 1
646 1
647 0
648 1
649 1
650 1
651 1
652 1
653 2
654 1
655 1
656 0
657 0
658 1
659 1
660 0
661 1
662 1
663 1
664 1
665 1
666 1
667 1
668 1
669 1
670 1
671 1
672 0
673 1
674 1
675 1
676 1
677 1
678 0
679 0
680 0
681 1
682 1
683 0
684 0
685 1
686 1
687 0
688 0
689 1
690 1
691 1
692 1
693 2
694 1
695 1
696 0
697 0
698 1
699 1
700 1
701 1
702 1
703 1
704 2
705 1
706 0
707 1
708 1
709 2
710 1
711 1
712 1
713 1
714 2
715 1
716 2
717 0
718 1
719 1
720 2
721 0
722 2
723 1
724 1
725 1
726 1
727 1
728 1
729 1
730 1
731 1
732 1
733 0
734 1
735 1
736 1
737 1
738 0
739 1
740 0
741 0
742 1
743 0
744 1
745 1
746 1
747 1
748 2
749 1
750 0
751 0
752 2
753 0
754 2
755 1
756 1
757 1
758 0
759 1
760 2
761 0
762 0
763 1
764 1
765 1
766 2
767 1
768 1
769 1
770 1
771 1
772 1
773 1
774 2
775 1
776 2
777 1
778 1
779 1
780 1
781 1
782 1
783 1
784 1
785 2
786 1
787 1
788 1
789 1
790 1
791 1
792 0
793 2
794 1
795 1
796 1
797 1
798 1
799 1
800 1
801 1
802 1
803 1
804 1
805 0
806 1
807 1
808 0
809 2
810 2
811 1
812 1
813 2
814 1
815 0
816 2
817 2
818 2
819 2
820 1
821 1
822 1
823 2
824 1
825 2
826 1
827 2
828 1
829 1
830 2
831 1
832 1
833 2
834 2
835 1
836 1
837 0
838 0
839 1
840 2
841 1
842 1
843 1
844 0
845 2
846 0
847 2
848 2
849 0
850 2
851 1
852 1
853 1
854 1
855 1
856 0
857 1
858 0
859 1
860 0
861 0
862 0
863 1
864 2
865 0
866 1
867 1
868 1
869 1
870 2
871 0
872 1
873 0
874 2
875 1
876 1
877 1
878 1
879 2
880 1
881 1
882 1
883 1
884 2
885 1
886 1
887 1
888 2
889 0
890 1
891 1
892 2
893 2
894 0
895 1
896 2
897 0
898 2
899 1
900 1
901 1
902 1
903 1
904 2
905 2
906 2
907 1
908 1
909 1
910 1
911 1
912 1
913 2
914 2
915 1
916 1
917 1
918 2
919 2
920 2
921 1
922 1
923 1
924 1
925 1
926 2
927 1
928 1
929 2
930 2
931 1
932 0
933 2
934 2
935 0
936 1
937 1
938 1
939 1
940 2
941 1
942 1
943 1
944 1
945 1
946 2
947 1
948 1
949 1
950 1
951 1
952 2
953 2
954 1
955 2
956 1
957 2
958 1
959 2
960 2
961 2
962 2
963 2
964 1
965 2
966 2
967 2
968 1
969 2
970 2
971 1
972 1
973 1
974 1
975 1
976 0
977 1
978 1
979 1
980 1
981 1
982 1
983 1
984 1
985 1
986 1
987 1
988 2
989 1
990 1
991 0
992 0
993 1
994 1
995 1
996 1
997 2
998 1
999 1
1000 1
1001 1
1002 1
1003 1
1004 1
1005 1
1006 1
1007 1
1008 1
1009 1
1010 1
1011 1
1012 1
1013 1
1014 1
1015 1
1016 1
1017 2
1018 2
1019 1
1020 1
1021 0
1022 1
1023 0
1024 2
1025 1
1026 2
1027 1
1028 1
1029 0
1030 1
1031 1
1032 1
1033 2
1034 2
1035 1
1036 2
1037 1
1038 2
1039 1
1040 1
1041 2
1042 1
1043 0
1044 1
1045 2
1046 1
1047 2
1048 1
1049 1
1050 1
1051 1
1052 1
1053 1
1054 2
1055 2
1056 1
1057 1
1058 2
1059 2
1060 1
1061 1
1062 1
1063 1
1064 1
1065 1
1066 2
1067 2
1068 1
1069 2
1070 1
1071 1
1072 2
1073 1
1074 2
1075 0
1076 2
1077 1
1078 2
1079 1
1080 2
1081 1
1082 1
1083 1
1084 1
1085 1
1086 2
1087 1
1088 1
1089 1
1090 2
1091 0
1092 0
1093 1
1094 1
1095 2
1096 0
1097 0
1098 0
1099 1
1100 0
1101 1
1102 1
1103 1
1104 1
1105 0
1106 1
1107 1
1108 1
1109 2
1110 1
1111 0
1112 1
1113 1
1114 2
1115 1
1116 0
1117 2
1118 1
1119 0
1120 1
1121 1
1122 1
1123 1
1124 1
1125 1
1126 1
1127 1
1128 1
1129 1
1130 1
1131 2
1132 1
1133 1
1134 0
1135 1
1136 1
1137 1
1138 0
1139 1
1140 0
1141 0
1142 2
1143 1
1144 2
1145 2
1146 2
1147 1
1148 2
1149 2
1150 1
1151 1
1152 0
1153 0
1154 0
1155 0
1156 2
1157 1
1158 0
1159 0
1160 0
1161 0
1162 1
1163 0
1164 2
1165 2
1166 1
1167 0
1168 1
1169 0
1170 0
1171 0
1172 0
1173 1
1174 1
1175 1
1176 2
1177 1
1178 0
1179 0
1180 1
1181 1
1182 0
1183 2
1184 2
1185 2
1186 2
1187 2
1188 2
1189 2
1190 2
1191 1
1192 2
1193 1
1194 2
1195 2
1196 2
1197 2
1198 2
1199 2
1200 2
1201 2
1202 2
1203 1
1204 2
1205 2
1206 1
1207 2
1208 1
1209 2
1210 2
1211 2
1212 1
1213 2
1214 1
1215 1
1216 1
1217 1
1218 1
1219 1
1220 1
1221 0
1222 2
1223 1
1224 1
1225 1
1226 1
1227 1
1228 1
1229 1
1230 2
1231 1
1232 1
1233 1
1234 1
1235 0
1236 0
1237 1
1238 1
1239 1
1240 1
1241 1
1242 1
1243 1
1244 1
1245 2
1246 1
1247 1
1248 0
1249 1
1250 2
1251 1
1252 1
1253 1
1254 0
1255 2
1256 1
1257 2
1258 2
1259 1
1260 1
1261 2
1262 0
1263 2
1264 2
1265 1
1266 1
1267 0
1268 1
1269 2
1270 1
1271 0
1272 0
1273 2
1274 1
1275 1
1276 2
1277 2
1278 2
1279 2
1280 2
1281 1
1282 0
1283 0
1284 2
1285 1
1286 1
1287 1
1288 1
1289 1
1290 1
1291 1
1292 1
1293 2
1294 1
1295 1
1296 1
1297 1
1298 1
1299 1
1300 1
1301 2
1302 2
1303 1
1304 1
1305 0
1306 1
1307 1
1308 1
1309 1
1310 0
1311 1
1312 1
1313 1
1314 1
1315 1
1316 1
1317 2
1318 1
1319 1
1320 2
1321 2
1322 2
1323 2
1324 2
1325 1
1326 1
1327 1
1328 2
1329 1
1330 1
1331 1
1332 1
1333 2
1334 0
1335 2
1336 2
1337 1
1338 1
1339 1
1340 2
1341 1
1342 1
1343 1
1344 1
1345 1
1346 2
1347 1
1348 2
1349 1
1350 1
1351 2
1352 0
1353 1
1354 1
1355 0
1356 1
1357 1
1358 1
1359 1
1360 0
1361 1
1362 1
1363 0
1364 0
1365 1
1366 2
1367 1
1368 1
1369 1
1370 1
1371 1
1372 1
1373 1
1374 1
1375 1
1376 0
1377 1
1378 1
1379 1
1380 1
1381 2
1382 1
1383 2
1384 1
1385 1
1386 2
1387 1
1388 1
1389 1
1390 0
1391 1
1392 0
1393 1
1394 1
1395 0
1396 1
1397 1
1398 1
1399 1
1400 1
1401 1
1402 2
1403 2
1404 2
1405 1
1406 2
1407 1
1408 1
1409 1
1410 0
1411 1
1412 0
1413 1
1414 1
1415 1
1416 1
1417 0
1418 1
1419 1
1420 2
1421 1
1422 1
1423 2
1424 1
1425 0
1426 1
1427 0
1428 0
1429 0
1430 1
1431 1
1432 1
1433 1
1434 0
1435 0
1436 1
1437 0
1438 0
1439 1
1440 1
1441 1
1442 1
1443 0
1444 0
1445 1
1446 1
1447 1
1448 0
1449 0
1450 1
1451 1
1452 1
1453 1
1454 1
1455 1
1456 1
1457 1
1458 1
1459 1
1460 1
1461 1
1462 1
1463 1
1464 2
1465 2
1466 1
1467 1
1468 0
1469 0
1470 2
1471 1
1472 2
1473 2
1474 1
1475 2
1476 0
1477 1
1478 0
1479 1
1480 0
1481 0
1482 1
1483 1
1484 1
1485 0
1486 2
1487 0
1488 1
1489 1
1490 1
1491 1
1492 1
1493 2
1494 2
1495 2
1496 2
1497 1
1498 1
1499 2
1500 2
1501 1
1502 1
1503 1
1504 1
1505 1
1506 1
1507 1
1508 1
1509 1
1510 1
1511 1
1512 1
1513 1
1514 0
1515 2
1516 1
1517 1
1518 1
1519 1
1520 0
1521 1
1522 1
1523 1
1524 1
1525 1
1526 0
1527 1
1528 1
1529 1
1530 1
1531 0
1532 0
1533 0
1534 1
1535 0
1536 2
1537 2
1538 1
1539 1
1540 1
1541 1
1542 2
1543 1
1544 1
1545 2
1546 1
1547 0
1548 2
1549 1
1550 1
1551 0
1552 0
1553 1
1554 2
1555 1
1556 1
1557 1
1558 1
1559 1
1560 1
1561 1
1562 1
1563 0
1564 1
1565 1
1566 0
1567 0
1568 1
1569 1
1570 1
1571 1
1572 2
1573 2
1574 0
1575 1
1576 1
1577 1
1578 1
1579 1
1580 1
1581 1
1582 1
1583 1
1584 1
1585 1
1586 1
1587 1
1588 1
1589 1
1590 1
1591 1
1592 1
1593 1
1594 1
1595 2
1596 1
1597 2
1598 2
1599 1
1600 2
1601 1
1602 1
1603 1
1604 2
1605 1
1606 2
1607 1
1608 2
1609 0
1610 1
1611 1
1612 2
1613 1
1614 1
1615 1
1616 2
1617 1
1618 0
1619 1
1620 1
1621 1
1622 1
1623 1
1624 1
1625 0
1626 2
1627 1
1628 1
1629 1
1630 1
1631 1
1632 1
1633 1
1634 0
1635 1
1636 1
1637 1
1638 0
1639 0
1640 1
1641 2
1642 1
1643 1
1644 1
1645 1
1646 2
1647 1
1648 2
1649 2
1650 0
1651 0
1652 1
1653 1
1654 0
1655 2
1656 1
1657 2
1658 2
1659 2
1660 2
1661 2
1662 1
1663 1
1664 1
1665 2
1666 2
1667 1
1668 1
1669 2
1670 1
1671 0
1672 1
1673 2
1674 0
1675 2
1676 2
1677 2
1678 0
1679 1
1680 2
1681 1
1682 2
1683 2
1684 2
1685 2
1686 1
1687 1
1688 1
1689 0
1690 1
1691 1
1692 0
1693 1
1694 1
1695 1
1696 1
1697 1
1698 1
1699 1
1700 1
1701 1
1702 1
1703 1
1704 1
1705 1
1706 1
1707 1
1708 0
1709 1
1710 1
1711 2
1712 2
1713 1
1714 2
1715 1
1716 1
1717 2
1718 2
1719 2
1720 1
1721 1
1722 2
1723 2
1724 1
1725 1
1726 2
1727 0
1728 1
1729 0
1730 1
1731 1
1732 1
1733 2
1734 1
1735 0
1736 0
1737 0
1738 2
1739 0
1740 1
1741 1
1742 1
1743 1
1744 1
1745 0
1746 1
1747 0
1748 1
1749 1
1750 1
1751 1
1752 1
1753 1
1754 1
1755 1
1756 1
1757 1
1758 1
1759 1
1760 0
1761 1
1762 2
1763 0
1764 1
1765 1
1766 1
1767 1
1768 1
1769 1
1770 1
1771 2
1772 2
1773 2
1774 2
1775 2
1776 1
1777 1
1778 2
1779 1
1780 0
1781 2
1782 2
1783 2
1784 1
1785 1
1786 1
1787 1
1788 2
1789 1
1790 2
1791 0
1792 2
1793 0
1794 2
1795 1
1796 2
1797 1
1798 2
1799 2
1800 2
1801 2
1802 1
1803 1
1804 2
1805 1
1806 1
1807 0
1808 0
1809 0
1810 1
1811 0
1812 1
1813 1
1814 1
1815 1
1816 1
1817 0
1818 0
1819 1
1820 1
1821 0
1822 1
1823 2
1824 1
1825 1
1826 2
1827 1
1828 2
1829 1
1830 1
1831 1
1832 1
1833 1
1834 2
1835 1
1836 1
1837 1
1838 0
1839 1
1840 2
1841 1
1842 1
1843 2
1844 1
1845 1
1846 0
1847 1
1848 1
1849 1
1850 2
1851 1
1852 1
1853 1
1854 1
1855 1
1856 1
1857 1
1858 2
1859 1
1860 1
1861 2
1862 1
1863 1
1864 1
1865 1
1866 0
1867 1
1868 1
1869 1
1870 0
1871 0
1872 0
1873 1
1874 2
1875 0
1876 1
1877 1
1878 2
1879 1
1880 2
1881 1
1882 1
1883 2
1884 1
1885 1
1886 1
1887 1
1888 1
1889 1
1890 1
1891 1
1892 1
1893 0
1894 0
1895 0
1896 2
1897 1
1898 1
1899 1
1900 2
1901 1
1902 1
1903 1
1904 1
1905 1
1906 1
1907 0
1908 0
1909 0
1910 1
1911 1
1912 1
1913 1
1914 2
1915 1
1916 1
1917 0
1918 0
1919 1
1920 0
1921 1
1922 1
1923 0
1924 1
1925 2
1926 1
1927 1
1928 0
1929 1
1930 1
1931 1
1932 1
1933 1
1934 0
1935 2
1936 1
1937 1
1938 1
1939 1
1940 1
1941 1
1942 1
1943 1
1944 2
1945 2
1946 2
1947 1
1948 1
1949 1
1950 1
1951 1
1952 1
1953 1
1954 2
1955 2
1956 1
1957 1
1958 2
1959 2
1960 1
1961 2
1962 0
1963 1
1964 1
1965 1
1966 1
1967 2
1968 1
1969 2
1970 1
1971 1
1972 1
1973 1
1974 2
1975 1
1976 1
1977 1
1978 2
1979 2
1980 1
1981 2
1982 1
1983 2
1984 2
1985 1
1986 1
1987 0
1988 2
1989 1
1990 1
1991 0
1992 2
1993 2
1994 1
1995 1
1996 2
1997 1
1998 0
1999 1
2000 1
2001 1
2002 1
2003 2
2004 1
2005 2
2006 2
2007 1
2008 2
2009 2
2010 1
2011 2
2012 1
2013 2
2014 1
2015 1
2016 1
2017 0
2018 1
2019 1
2020 1
2021 1
2022 0
2023 1
2024 2
2025 1
2026 1
2027 1
2028 1
2029 1
2030 1
2031 1
2032 1
2033 1
2034 1
2035 1
2036 1
2037 1
2038 2
2039 1
2040 1
2041 1
2042 0
2043 1
2044 1
2045 2
2046 1
2047 1
2048 1
2049 2
2050 1
2051 1
2052 1
2053 1
2054 1
2055 1
2056 1
2057 2
2058 1
2059 0
2060 1
2061 1
2062 1
2063 1
2064 0
2065 2
2066 2
2067 1
2068 0
2069 1
2070 0
2071 0
2072 1
2073 1
2074 0
2075 1
2076 1
2077 0
2078 1
2079 0
2080 1
2081 1
2082 1
2083 1
2084 1
2085 1
2086 1
2087 0
2088 1
2089 1
2090 1
2091 1
2092 0
2093 1
2094 1
2095 1
2096 1
2097 1
2098 1
2099 1
2100 1
2101 1
2102 1
2103 1
2104 0
2105 1
2106 1
2107 1
2108 1
2109 1
2110 1
2111 1
2112 0
2113 2
2114 2
2115 1
2116 2
2117 1
2118 1
2119 1
2120 1
2121 2
2122 2
2123 1
2124 0
2125 0
2126 0
2127 1
2128 1
2129 1
2130 1
2131 1
2132 1
2133 0
2134 1
2135 0
2136 1
2137 2
2138 1
2139 1
2140 1
2141 1
2142 1
2143 2
2144 1
2145 1
2146 2
2147 0
2148 1
2149 1
2150 0
2151 1
2152 1
2153 1
2154 1
2155 1
2156 1
2157 1
2158 1
2159 2
2160 2
2161 1
2162 1
2163 1
2164 1
2165 0
2166 1
2167 1
2168 1
2169 1
2170 2
2171 1
2172 0
2173 1
2174 1
2175 1
2176 1
2177 2
2178 0
2179 0
2180 2
2181 0
2182 1
2183 2
2184 0
2185 1
2186 2
2187 1
2188 1
2189 1
2190 1
2191 1
2192 1
2193 2
2194 1
2195 1
2196 1
2197 1
2198 1
2199 1
2200 2
2201 2
2202 1
2203 2
2204 0
2205 2
2206 2
2207 0
2208 0
2209 1
2210 1
2211 2
2212 2
2213 0
2214 1
2215 1
2216 1
2217 0
2218 1
2219 1
2220 1
2221 2
2222 1
2223 1
2224 1
2225 2
2226 1
2227 1
2228 1
2229 2
2230 2
2231 1
2232 1
2233 1
2234 1
2235 1
2236 1
2237 2
2238 1
2239 1
2240 1
2241 1
2242 1
2243 1
2244 1
2245 0
2246 0
2247 1
2248 1
2249 2
2250 1
2251 1
2252 1
2253 1
2254 1
2255 1
2256 1
2257 1
2258 1
2259 1
2260 1
2261 2
2262 2
2263 0
2264 0
2265 0
2266 0
2267 1
2268 1
2269 2
2270 1
2271 0
2272 1
2273 0
2274 2
2275 1
2276 1
2277 1
2278 1
2279 0
2280 1
2281 1
2282 1
2283 0
2284 2
2285 2
2286 2
2287 1
2288 0
2289 0
2290 1
2291 0
2292 0
2293 0
2294 2
2295 0
2296 2
2297 0
2298 2
2299 1
2300 1
2301 2
2302 0
2303 0
2304 0
2305 1
2306 1
2307 1
2308 0
2309 0
2310 0
2311 1
2312 1
2313 1
2314 1
2315 1
2316 1
2317 0
2318 0
2319 1
2320 1
2321 2
2322 1
2323 0
2324 0
2325 1
2326 2
2327 1
2328 2
2329 2
2330 2
2331 1
2332 1
2333 1
2334 1
2335 1
2336 2
2337 1
2338 1
2339 2
2340 2
2341 1
2342 1
2343 0
2344 1
2345 1
2346 0
2347 1
2348 2
2349 1
2350 1
2351 1
2352 2
2353 1
2354 2
2355 2
2356 2
2357 1
2358 0
2359 1
2360 1
2361 1
2362 1
2363 1
2364 1
2365 2
2366 1
2367 1
2368 2
2369 1
2370 2
2371 2
2372 2
2373 2
2374 2
2375 2
2376 1
2377 2
2378 1
2379 1
2380 1
2381 1
2382 1
2383 1
2384 1
2385 2
2386 2
2387 1
2388 1
2389 0
2390 1
2391 2
2392 2
2393 1
2394 1
2395 1
2396 0
2397 1
2398 1
2399 2
2400 2
2401 1
2402 1
2403 2
2404 1
2405 1
2406 1
2407 1
2408 1
2409 1
2410 0
2411 1
2412 1
2413 1
2414 1
2415 1
2416 1
2417 1
2418 1
2419 0
2420 1
2421 1
2422 1
2423 0
2424 0
2425 1
2426 0
2427 1
2428 1
2429 1
2430 0
2431 1
2432 1
2433 1
2434 1
2435 1
2436 0
2437 0
2438 0
2439 0
2440 0
2441 1
2442 1
2443 1
2444 2
2445 1
2446 1
2447 1
2448 1
2449 0
2450 1
2451 1
2452 0
2453 1
2454 1
2455 1
2456 1
2457 1
2458 1
2459 2
2460 2
2461 2
2462 1
2463 1
2464 1
2465 1
2466 1
2467 1
2468 1
2469 1
2470 1
2471 1
2472 1
2473 0
2474 1
2475 1
2476 1
2477 2
2478 1
2479 1
2480 1
2481 2
2482 2
2483 2
2484 1
2485 1
2486 1
2487 1
2488 2
2489 1
2490 2
2491 1
2492 2
2493 1
2494 2
2495 2
2496 1
2497 2
2498 2
2499 2
2500 2
2501 2
2502 1
2503 1
2504 2
2505 0
2506 0
2507 1
2508 0
2509 1
2510 1
2511 1
2512 1
2513 1
2514 0
2515 1
2516 1
2517 2
2518 0
2519 1
2520 1
2521 2
2522 1
2523 1
2524 0
2525 1
2526 2
2527 1
2528 2
2529 1
2530 2
2531 1
2532 0
2533 2
2534 0
2535 0
2536 1
2537 0
2538 0
2539 1
2540 2
2541 1
2542 1
2543 1
2544 1
2545 1
2546 2
2547 2
2548 1
2549 2
2550 1
2551 0
2552 0
2553 0
2554 0
2555 2
2556 0
2557 1
2558 1
2559 1
2560 2
2561 0
2562 1
2563 1
2564 0
2565 1
2566 1
2567 1
2568 1
2569 1
2570 0
2571 1
2572 0
2573 1
2574 1
2575 1
2576 1
2577 0
2578 0
2579 1
2580 1
2581 0
2582 1
2583 0
2584 1
2585 1
2586 1
2587 1
2588 1
2589 2
2590 1
2591 2
2592 1
2593 2
2594 2
2595 1
2596 1
2597 1
2598 0
2599 1
2600 1
2601 1
2602 1
2603 1
2604 1
2605 1
2606 1
2607 1
2608 1
2609 1
2610 0
2611 2
2612 2
2613 2
2614 1
2615 1
2616 1
2617 0
2618 1
2619 1
2620 1
2621 1
2622 2
2623 2
2624 1
2625 1
2626 2
2627 2
2628 1
2629 1
2630 1
2631 1
2632 1
2633 1
2634 1
2635 1
2636 1
2637 1
2638 1
2639 1
2640 1
2641 2
2642 1
2643 2
2644 2
2645 1
2646 0
2647 1
2648 1
2649 1
2650 1
2651 2
2652 2
2653 1
2654 1
2655 1
2656 1
2657 0
2658 0
2659 1
2660 1
2661 2
2662 2
2663 1
2664 0
2665 0
2666 2
2667 0
2668 0
2669 2
2670 2
2671 1
2672 2
2673 1
2674 2
2675 1
2676 1
2677 1
2678 2
2679 0
2680 2
2681 1
2682 1
2683 2
2684 1
2685 0
2686 0
2687 0
2688 2
2689 2
2690 1
2691 1
2692 1
2693 2
2694 2
2695 2
2696 1
2697 1
2698 2
2699 0
2700 2
2701 1
2702 1
2703 2
2704 1
2705 2
2706 1
2707 2
2708 1
2709 2
2710 2
2711 2
2712 2
2713 2
2714 2
2715 1
2716 1
2717 0
2718 1
2719 2
2720 0
2721 1
2722 1
2723 0
2724 0
2725 1
2726 2
2727 1
2728 1
2729 1
2730 1
2731 1
2732 1
2733 2
2734 1
2735 2
2736 1
2737 1
2738 1
2739 1
2740 1
2741 1
2742 1
2743 1
2744 1
2745 2
2746 1
2747 1
2748 1
2749 1
2750 1
2751 1
2752 1
2753 1
2754 2
2755 2
2756 1
2757 2
2758 1
2759 2
2760 2
2761 1
2762 2
2763 1
2764 1
2765 1
2766 2
2767 2
2768 2
2769 1
2770 1
2771 1
2772 2
2773 2
2774 2
2775 2
2776 2
2777 2
2778 2
2779 2
2780 1
2781 1
2782 2
2783 2
2784 2
2785 1
2786 1
2787 1
2788 1
2789 1
2790 2
2791 1
2792 1
2793 1
2794 2
2795 2
2796 2
2797 2
2798 2
2799 1
2800 1
2801 2
2802 1
2803 1
2804 1
2805 2
2806 1
2807 0
2808 1
2809 1
2810 1
2811 1
2812 1
2813 1
2814 1
2815 2
2816 1
2817 2
2818 1
2819 1
2820 1
2821 1
2822 1
2823 1
2824 1
2825 1
2826 2
2827 1
2828 2
2829 2
2830 1
2831 2
2832 2
2833 0
2834 1
2835 1
2836 1
2837 1
2838 1
2839 2
2840 2
2841 1
2842 1
2843 1
2844 2
2845 1
2846 1
2847 2
2848 0
2849 0
2850 2
2851 1
2852 1
2853 2
2854 1
2855 1
2856 1
2857 1
2858 1
2859 1
2860 2
2861 1
2862 1
2863 1
2864 1
2865 1
2866 2
2867 1
2868 2
2869 2
2870 2
2871 1
2872 1
2873 1
2874 1
2875 1
2876 0
2877 2
2878 1
2879 1
2880 0
2881 1
2882 1
2883 0
2884 1
2885 1
2886 1
2887 0
2888 1
2889 2
2890 0
2891 1
2892 2
2893 1
2894 0
2895 1
2896 2
2897 2
2898 2
2899 1
2900 0
2901 1
2902 1
2903 1
2904 2
2905 1
2906 1
2907 2
2908 0
2909 1
2910 2
2911 2
2912 1
2913 1
2914 2
2915 2
2916 1
2917 1
2918 2
2919 1
2920 1
2921 2
2922 2
2923 2
2924 2
2925 1
2926 2
2927 2
2928 2
2929 1
2930 2
2931 1
2932 1
2933 1
2934 2
2935 1
2936 1
2937 1
2938 1
2939 2
2940 1
2941 1
2942 1
2943 1
2944 1
2945 1
2946 1
2947 1
2948 1
2949 0
2950 1
2951 1
2952 1
2953 0
2954 0
2955 0
2956 1
2957 1
2958 1
2959 1
2960 2
2961 1
2962 2
2963 1
2964 1
2965 1
2966 2
2967 1
2968 1
2969 1
2970 1
2971 1
2972 1
2973 2
2974 0
2975 1
2976 2
2977 1
2978 1
2979 1
2980 1
2981 1
2982 1
2983 1
2984 1
2985 1
2986 1
2987 1
2988 2
2989 1
2990 1
2991 1
2992 2
2993 1
2994 1
2995 1
2996 1
2997 2
2998 2
2999 1
3000 1
3001 1
3002 1
3003 2
3004 2
3005 2
3006 0
3007 2
3008 0
3009 1
3010 2
3011 1
3012 2
3013 1
3014 1
3015 1
3016 1
3017 1
3018 1
3019 1
3020 1
3021 1
3022 1
3023 1
3024 2
3025 0
3026 1
3027 0
3028 1
3029 1
3030 1
3031 1
3032 1
3033 2
3034 2
3035 2
3036 2
3037 1
3038 1
3039 1
3040 1
3041 2
3042 2
3043 1
3044 1
3045 1
3046 1
3047 1
3048 1
3049 1
3050 1
3051 1
3052 1
3053 1
3054 1
3055 1
3056 1
3057 1
3058 1
3059 1
3060 2
3061 1
3062 1
3063 2
3064 2
3065 0
3066 1
3067 1
3068 1
3069 2
3070 2
3071 1
3072 1
3073 2
3074 2
3075 1
3076 1
3077 1
3078 1
3079 1
3080 1
3081 1
3082 2
3083 1
3084 2
3085 1
3086 2
3087 1
3088 2
3089 2
3090 1
3091 1
3092 1
3093 1
3094 1
3095 2
3096 1
3097 2
3098 2
3099 2
3100 1
3101 2
3102 1
3103 2
3104 1
3105 1
3106 1
3107 1
3108 1
3109 0
3110 1
3111 0
3112 0
3113 0
3114 0
3115 0
3116 1
3117 1
3118 0
3119 1
3120 1
3121 0
3122 1
3123 1
3124 1
3125 1
3126 1
3127 0
3128 0
3129 0
3130 2
3131 1
3132 1
3133 1
3134 1
3135 1
3136 1
3137 2
3138 1
3139 1
3140 1
3141 1
3142 1
3143 1
3144 1
3145 1
3146 1
3147 2
3148 2
3149 1
3150 0
3151 2
3152 1
3153 1
3154 1
3155 1
3156 1
3157 1
3158 1
3159 2
3160 1
3161 1
3162 1
3163 1
3164 1
3165 1
3166 1
3167 1
3168 1
3169 2
3170 1
3171 1
3172 1
3173 1
3174 1
3175 1
3176 2
3177 2
3178 2
3179 1
3180 2
3181 2
3182 1
3183 1
3184 1
3185 0
3186 1
3187 1
3188 2
3189 1
3190 1
3191 1
3192 2
3193 2
3194 1
3195 1
3196 2
3197 1
3198 1
3199 1
3200 1
3201 1
3202 0
3203 1
3204 1
3205 1
3206 1
3207 1
3208 2
3209 2
3210 1
3211 2
3212 1
3213 1
3214 1
3215 1
3216 1
3217 1
3218 2
3219 1
3220 1
3221 1
3222 1
3223 1
3224 1
3225 1
3226 0
3227 1
3228 1
3229 1
3230 1
3231 2
3232 1
3233 1
3234 1
3235 2
3236 1
3237 0
3238 1
3239 1
3240 1
3241 1
3242 1
3243 0
3244 0
3245 1
3246 0
3247 1
3248 2
3249 2
3250 2
3251 2
3252 2
3253 2
3254 1
3255 1
3256 1
3257 2
3258 1
3259 2
3260 2
3261 1
3262 1
3263 2
3264 2
3265 1
3266 1
3267 1
3268 1
3269 1
3270 1
3271 0
3272 1
3273 1
3274 2
3275 1
3276 0
3277 2
3278 1
3279 1
3280 1
3281 1
3282 1
3283 1
3284 1
3285 2
3286 1
3287 2
3288 2
3289 1
3290 1
3291 1
3292 0
3293 1
3294 1
3295 1
3296 1
3297 1
3298 1
3299 1
3300 1
3301 2
3302 2
3303 2
3304 0
3305 2
3306 1
3307 0
3308 1
3309 2
3310 2
3311 2
3312 1
3313 1
3314 2
3315 1
3316 1
3317 1
3318 2
3319 1
3320 1
3321 2
3322 1
3323 0
3324 1
3325 1
3326 1
3327 1
3328 1
3329 1
3330 2
3331 1
3332 1
3333 1
3334 1
3335 1
3336 1
3337 2
3338 1
3339 1
3340 1
3341 2
3342 2
3343 1
3344 0
3345 1
3346 1
3347 1
3348 1
3349 0
3350 1
3351 1
3352 1
3353 1
3354 0
3355 1
3356 2
3357 2
3358 0
3359 1
3360 1
3361 0
3362 1
3363 1
3364 2
3365 2
3366 2
3367 2
3368 0
3369 2
3370 2
3371 1
3372 1
3373 0
3374 1
3375 1
3376 1
3377 2
3378 0
3379 0
3380 1
3381 1
3382 1
3383 0
3384 1
3385 1
3386 1
3387 1
3388 1
3389 1
3390 1
3391 1
3392 1
3393 1
3394 1
3395 0
3396 1
3397 1
3398 1
3399 1
3400 1
3401 1
3402 0
3403 0
3404 0
3405 0
3406 0
3407 1
3408 0
3409 2
3410 2
3411 2
3412 2
3413 2
3414 1
3415 1
3416 2
3417 0
3418 2
3419 1
3420 1
3421 1
3422 1
3423 0
3424 1
3425 0
3426 0
3427 1
3428 2
3429 2
3430 1
3431 0
3432 0
3433 0
3434 1
3435 0
3436 2
3437 2
3438 0
3439 1
3440 0
3441 1
3442 1
3443 0
3444 1
3445 0
3446 1
3447 1
3448 2
3449 1
3450 1
3451 2
3452 1
3453 1
3454 1
3455 1
3456 1
3457 1
3458 0
3459 0
3460 1
3461 1
3462 2
3463 2
3464 0
3465 1
3466 1
3467 2
3468 2
3469 1
3470 1
3471 2
3472 0
3473 1
3474 2
3475 2
3476 1
3477 1
3478 2
3479 2
3480 2
3481 2
3482 1
3483 1
3484 2
3485 1
3486 1
3487 1
3488 1
3489 1
3490 1
3491 1
3492 2
3493 1
3494 1
3495 1
3496 1
3497 1
3498 1
3499 1
3500 1
3501 1
3502 1
3503 1
3504 1
3505 1
3506 1
3507 1
3508 1
3509 1
3510 1
3511 0
3512 0
3513 0
3514 0
3515 0
3516 1
3517 1
3518 2
3519 0
3520 1
3521 1
3522 1
3523 1
3524 1
3525 0
3526 0
3527 1
3528 1
3529 1
3530 2
3531 0
3532 1
3533 0
3534 1
3535 1
3536 1
3537 1
3538 0
3539 1
3540 1
3541 2
3542 2
3543 1
3544 1
3545 1
3546 1
3547 1
3548 1
3549 2
3550 2
3551 1
3552 2
3553 2
3554 2
3555 1
3556 2
3557 1
3558 1
3559 1
3560 2
3561 1
3562 1
3563 1
3564 1
3565 1
3566 1
3567 2
3568 1
3569 1
3570 1
3571 1
3572 1
3573 1
3574 1
3575 2
3576 1
3577 2
3578 1
3579 1
3580 1
3581 2
3582 2
3583 1
3584 2
3585 1
3586 2
3587 1
3588 1
3589 1
3590 2
3591 1
3592 1
3593 1
3594 2
3595 2
3596 0
3597 1
3598 2
3599 2
3600 1
3601 2
3602 1
3603 1
3604 1
3605 1
3606 2
3607 1
3608 1
3609 1
3610 1
3611 1
3612 1
3613 1
3614 2
3615 1
3616 0
3617 1
3618 0
3619 1
3620 2
3621 1
3622 1
3623 2
3624 2
3625 2
3626 0
3627 0
3628 0
3629 0
3630 0
3631 2
3632 2
3633 1
3634 1
3635 2
3636 2
3637 2
3638 2
3639 2
3640 1
3641 0
3642 2
3643 0
3644 1
3645 1
3646 1
3647 1
3648 2
3649 1
3650 1
3651 1
3652 1
3653 1
3654 1
3655 1
3656 1
3657 1
3658 1
3659 0
3660 1
3661 2
3662 1
3663 2
3664 1
3665 1
3666 2
3667 2
3668 1
3669 1
3670 1
3671 1
3672 2
3673 1
3674 1
3675 1
3676 1
3677 2
3678 1
3679 1
3680 1
3681 1
3682 0
3683 1
3684 1
3685 1
3686 1
3687 1
3688 1
3689 1
3690 0
3691 0
3692 1
3693 0
3694 2
3695 1
3696 1
3697 1
3698 2
3699 1
3700 1
3701 0
3702 1
3703 1
3704 0
3705 1
3706 1
3707 2
3708 1
3709 2
3710 0
3711 1
3712 1
3713 1
3714 0
3715 2
3716 1
3717 1
3718 1
3719 0
3720 0
3721 0
3722 1
3723 0
3724 0
3725 1
3726 2
3727 0
3728 1
3729 1
3730 1
3731 1
3732 0
3733 0
3734 1
3735 2
3736 0
3737 0
3738 0
3739 1
3740 2
3741 1
3742 2
3743 1
3744 0
3745 2
3746 1
3747 1
3748 2
3749 1
3750 2
3751 2
3752 1
3753 0
3754 1
3755 1
3756 1
3757 1
3758 1
3759 1
3760 1
3761 0
3762 1
3763 2
3764 0
3765 1
3766 1
3767 1
3768 1
3769 1
3770 1
3771 1
3772 1
3773 1
3774 1
3775 1
3776 1
3777 2
3778 1
3779 0
3780 1
3781 0
3782 0
3783 1
3784 2
3785 1
3786 2
3787 2
3788 2
3789 1
3790 1
3791 1
3792 1
3793 1
3794 0
3795 1
3796 1
3797 1
3798 1
3799 1
3800 1
3801 1
3802 0
3803 2
3804 2
3805 2
3806 2
3807 1
3808 1
3809 2
3810 0
3811 0
3812 1
3813 1
3814 2
3815 1
3816 1
3817 0
3818 0
3819 1
3820 1
3821 1
3822 2
3823 0
3824 0
3825 1
3826 1
3827 1
3828 2
3829 0
3830 0
3831 2
3832 0
3833 1
3834 0
3835 2
3836 2
3837 2
3838 1
3839 1
3840 2
3841 1
3842 1
3843 1
3844 1
3845 1
3846 2
3847 1
3848 1
3849 1
3850 1
3851 1
3852 2
3853 1
3854 2
3855 1
3856 2
3857 1
3858 1
3859 0
3860 1
3861 1
3862 1
3863 1
3864 1
3865 1
3866 1
3867 1
3868 1
3869 1
3870 1
3871 1
3872 1
3873 1
3874 2
3875 0
3876 1
3877 1
3878 1
3879 0
3880 2
3881 1
3882 2
3883 2
3884 1
3885 2
3886 2
3887 1
3888 1
3889 2
3890 1
3891 1
3892 0
3893 1
3894 0
3895 2
3896 1
3897 2
3898 2
3899 2
3900 2
3901 1
3902 1
3903 2
3904 1
3905 1
3906 1
3907 1
3908 1
3909 2
3910 1
3911 0
3912 1
3913 1
3914 0
3915 1
3916 1
3917 1
3918 0
3919 0
3920 1
3921 2
3922 2
3923 2
3924 2
3925 1
3926 2
3927 2
3928 2
3929 2
3930 2
3931 1
3932 1
3933 1
3934 1
3935 1
3936 2
3937 2
3938 2
3939 1
3940 1
3941 1
3942 1
3943 1
3944 1
3945 1
3946 1
3947 1
3948 1
3949 1
3950 1
3951 1
3952 1
3953 2
3954 1
3955 1
3956 2
3957 1
3958 1
3959 1
3960 2
3961 1
3962 1
3963 2
3964 1
3965 1
3966 0
3967 1
3968 1
3969 1
3970 2
3971 1
3972 1
3973 0
3974 2
3975 1
3976 1
3977 2
3978 2
3979 1
3980 1
3981 1
3982 1
3983 2
3984 1
3985 2
3986 1
3987 1
3988 2
3989 1
3990 2
3991 2
3992 1
3993 1
3994 1
3995 1
3996 1
3997 1
3998 0
3999 0
4000 1
4001 1
4002 1
4003 1
4004 1
4005 2
4006 1
4007 1
4008 2
4009 0
4010 1
4011 1
4012 1
4013 1
4014 0
4015 2
4016 2
4017 2
4018 2
4019 2
4020 1
4021 1
4022 2
4023 2
4024 1
4025 1
4026 2
4027 1
4028 1
4029 1
4030 2
4031 1
4032 1
4033 2
4034 1
4035 1
4036 1
4037 2
4038 2
4039 2
4040 1
4041 1
4042 2
4043 2
4044 0
4045 1
4046 1
4047 1
4048 1
4049 2
4050 1
4051 1
4052 2
4053 1
4054 1
4055 1
4056 1
4057 1
4058 1
4059 2
4060 0
4061 2
4062 2
4063 1
4064 1
4065 1
4066 2
4067 2
4068 2
4069 2
4070 2
4071 2
4072 2
4073 2
4074 2
4075 2
4076 1
4077 0
4078 1
4079 1
4080 1
4081 0
4082 0
4083 1
4084 1
4085 1
4086 0
4087 2
4088 1
4089 1
4090 1
4091 1
4092 1
4093 1
4094 1
4095 1
4096 1
4097 1
4098 1
4099 1
4100 2
4101 2
4102 1
4103 0
4104 0
4105 0
4106 1
4107 2
4108 0
4109 0
4110 2
4111 1
4112 1
4113 0
4114 0
4115 1
4116 2
4117 1
4118 0
4119 1
4120 2
4121 2
4122 2
4123 1
4124 2
4125 1
4126 2
4127 1
4128 1
4129 1
4130 1
4131 0
4132 1
4133 1
4134 1
4135 1
4136 1
4137 1
4138 1
4139 1
4140 0
4141 1
4142 2
4143 1
4144 2
4145 1
4146 1
4147 1
4148 1
4149 1
4150 1
4151 1
4152 0
4153 1
4154 0
4155 2
4156 1
4157 1
4158 2
4159 2
4160 1
4161 2
4162 1
4163 2
4164 0
4165 1
4166 1
4167 1
4168 1
4169 1
4170 1
4171 1
4172 1
4173 2
4174 1
4175 1
4176 2
4177 1
4178 2
4179 1
4180 1
4181 2
4182 1
4183 1
4184 1
4185 1
4186 0
4187 1
4188 1
4189 1
4190 0
4191 1
4192 0
4193 1
4194 0
4195 2
4196 1
4197 1
4198 2
4199 1
4200 1
4201 1
4202 1
4203 2
4204 2
4205 2
4206 1
4207 0
4208 1
4209 1
4210 2
4211 1
4212 2
4213 0
4214 0
4215 1
4216 1
4217 2
4218 0
4219 1
4220 1
4221 1
4222 2
4223 1
4224 1
4225 1
4226 1
4227 1
4228 1
4229 1
4230 2
4231 0
4232 1
4233 2
4234 0
4235 1
4236 0
4237 0
4238 1
4239 2
4240 0
4241 0
4242 1
4243 0
4244 1
4245 1
4246 1
4247 1
4248 1
4249 1
4250 2
4251 2
4252 2
4253 1
4254 1
4255 2
4256 0
4257 1
4258 2
4259 1
4260 1
4261 2
4262 1
4263 1
4264 1
4265 1
4266 1
4267 1
4268 1
4269 0
4270 2
4271 1
4272 1
4273 1
4274 2
4275 2
4276 2
4277 2
4278 1
4279 1
4280 1
4281 2
4282 1
4283 1
4284 0
4285 1
4286 1
4287 1
4288 1
4289 1
4290 0
4291 1
4292 2
4293 0
4294 2
4295 0
4296 2
4297 2
4298 1
4299 2
4300 1
4301 2
4302 2
4303 1
4304 2
4305 2
4306 2
4307 1
4308 1
4309 1
4310 1
4311 0
4312 1
4313 1
4314 1
4315 2
4316 1
4317 1
4318 2
4319 1
4320 1
4321 1
4322 2
4323 1
4324 1
4325 1
4326 2
4327 1
4328 2
4329 1
4330 2
4331 2
4332 2
4333 2
4334 1
4335 1
4336 1
4337 1
4338 2
4339 1
4340 2
4341 1
4342 1
4343 1
4344 2
4345 1
4346 1
4347 1
4348 0
4349 0
4350 0
4351 1
4352 1
4353 1
4354 1
4355 1
4356 0
4357 1
4358 1
4359 1
4360 1
4361 1
4362 1
4363 1
4364 1
4365 1
4366 1
4367 1
4368 0
4369 0
4370 1
4371 0
4372 1
4373 1
4374 2
4375 2
4376 1
4377 1
4378 0
4379 1
4380 2
4381 0
4382 1
4383 2
4384 1
4385 1
4386 2
4387 1
4388 2
4389 2
4390 1
4391 2
4392 1
4393 2
4394 2
4395 0
4396 1
4397 1
4398 2
4399 1
4400 0
4401 1
4402 1
4403 1
4404 1
4405 1
4406 1
4407 1
4408 1
4409 2
4410 1
4411 1
4412 2
4413 2
4414 2
4415 2
4416 1
4417 1
4418 2
4419 1
4420 2
4421 1
4422 1
4423 2
4424 2
4425 2
4426 1
4427 1
4428 1
4429 1
4430 0
4431 1
4432 2
4433 1
4434 2
4435 1
4436 0
4437 0
4438 0
4439 1
4440 0
4441 0
4442 1
4443 0
4444 2
4445 2
4446 1
4447 1
4448 1
4449 1
4450 2
4451 2
4452 2
4453 0
4454 1
4455 0
4456 0
4457 1
4458 1
4459 1
4460 0
4461 0
4462 0
4463 1
4464 1
4465 1
4466 2
4467 2
4468 2
4469 1
4470 0
4471 1
4472 0
4473 0
4474 0
4475 0
4476 2
4477 0
4478 0
4479 1
4480 0
4481 0
4482 1
4483 1
4484 1
4485 0
4486 1
4487 1
4488 1
4489 0
4490 1
4491 1
4492 0
4493 1
4494 1
4495 1
4496 1
4497 1
4498 1
4499 1
4500 1
4501 1
4502 1
4503 1
4504 1
4505 1
4506 1
4507 1
4508 1
4509 1
4510 1
4511 1
4512 2
4513 1
4514 1
4515 1
4516 1
4517 0
4518 0
4519 1
4520 1
4521 1
4522 0
4523 0
4524 0
4525 0
4526 1
4527 1
4528 0
4529 2
4530 1
4531 0
4532 0
4533 1
4534 1
4535 1
4536 2
4537 1
4538 1
4539 1
4540 1
4541 1
4542 1
4543 1
4544 1
4545 1
4546 1
4547 1
4548 1
4549 1
4550 1
4551 1
4552 1
4553 0
4554 0
4555 0
4556 0
4557 2
4558 1
4559 0
4560 0
4561 1
4562 1
4563 1
4564 1
4565 1
4566 1
4567 1
4568 2
4569 1
4570 2
4571 1
4572 1
4573 1
4574 1
4575 2
4576 2
4577 1
4578 0
4579 1
4580 2
4581 1
4582 2
4583 1
4584 0
4585 1
4586 0
4587 0
4588 1
4589 1
4590 1
4591 1
4592 1
4593 2
4594 1
4595 1
4596 1
4597 2
4598 0
4599 1
4600 1
4601 1
4602 2
4603 1
4604 1
4605 1
4606 1
4607 0
4608 1
4609 0
4610 0
4611 0
4612 1
4613 1
4614 1
4615 1
4616 1
4617 1
4618 1
4619 0
4620 1
4621 2
4622 1
4623 2
4624 2
4625 1
4626 1
4627 1
4628 1
4629 1
4630 1
4631 0
4632 1
4633 0
4634 2
4635 2
4636 1
4637 2
4638 1
4639 1
4640 2
4641 1
4642 1
4643 1
4644 0
4645 1
4646 1
4647 1
4648 1
4649 1
4650 1
4651 1
4652 1
4653 1
4654 1
4655 1
4656 1
4657 1
4658 1
4659 0
4660 1
4661 1
4662 1
4663 0
4664 2
4665 0
4666 1
4667 1
4668 1
4669 1
4670 1
4671 1
4672 1
4673 1
4674 1
4675 2
4676 1
4677 1
4678 1
4679 2
4680 1
4681 1
4682 1
4683 2
4684 1
4685 2
4686 1
4687 2
4688 1
4689 1
4690 2
4691 1
4692 1
4693 1
4694 0
4695 2
4696 1
4697 2
4698 2
4699 1
4700 2
4701 0
4702 2
4703 0
4704 1
4705 1
4706 1
4707 1
4708 1
4709 1
4710 0
4711 1
4712 1
4713 2
4714 1
4715 1
4716 1
4717 1
4718 1
4719 1
4720 1
4721 2
4722 1
4723 1
4724 1
4725 1
4726 0
4727 1
4728 0
4729 1
4730 2
4731 1
4732 2
4733 1
4734 0
4735 0
4736 2
4737 2
4738 1
4739 1
4740 2
4741 2
4742 0
4743 2
4744 0
4745 2
4746 1
4747 1
4748 1
4749 2
4750 2
4751 1
4752 2
4753 2
4754 1
4755 2
4756 2
4757 1
4758 1
4759 2
4760 1
4761 1
4762 1
4763 1
4764 1
4765 0
4766 2
4767 0
4768 1
4769 2
4770 2
4771 2
4772 1
4773 1
4774 1
4775 2
4776 1
4777 2
4778 1
4779 1
4780 2
4781 0
4782 2
4783 1
4784 1
4785 1
4786 1
4787 1
4788 1
4789 2
4790 0
4791 2
4792 2
4793 2
4794 1
4795 0
4796 0
4797 0
4798 1
4799 2
4800 0
4801 1
4802 0
4803 1
4804 2
4805 2
4806 0
4807 2
4808 1
4809 1
4810 0
4811 1
4812 1
4813 1
4814 1
4815 2
4816 1
4817 1
4818 1
4819 1
4820 0
4821 1
4822 1
4823 1
4824 1
4825 1
4826 1
4827 1
4828 0
4829 0
4830 1
4831 1
4832 0
4833 1
4834 0
4835 1
4836 1
4837 2
4838 1
4839 1
4840 1
4841 2
4842 1
4843 1
4844 2
4845 2
4846 1
4847 2
4848 1
4849 1
4850 0
4851 0
4852 0
4853 1
4854 1
4855 1
4856 1
4857 1
4858 1
4859 1
4860 0
4861 1
4862 1
4863 0
4864 0
4865 1
4866 2
4867 1
4868 1
4869 1
4870 1
4871 1
4872 1
4873 2
4874 1
4875 0
4876 2
4877 2
4878 0
4879 1
4880 2
4881 1
4882 2
4883 1
4884 0
4885 1
4886 1
4887 2
4888 1
4889 1
4890 1
4891 1
4892 1
4893 2
4894 1
4895 1
4896 1
4897 2
4898 2
4899 1
4900 1
4901 1
4902 1
4903 1
4904 1
4905 1
4906 1
4907 1
4908 1
4909 2
4910 1
4911 1
4912 1
4913 1
4914 1
4915 1
4916 2
4917 1
4918 2
4919 1
4920 2
4921 1
4922 1
4923 1
4924 2
4925 2
4926 1
4927 1
4928 1
4929 1
4930 2
4931 1
4932 1
4933 1
4934 1
4935 1
4936 1
4937 1
4938 1
4939 1
4940 1
4941 1
4942 1
4943 1
4944 1
4945 1
4946 0
4947 1
4948 1
4949 2
4950 2
4951 1
4952 2
4953 0
4954 0
4955 1
4956 1
4957 0
4958 1
4959 0
4960 0
4961 1
4962 1
4963 1
4964 1
4965 2
4966 1
4967 1
4968 1
4969 1
4970 1
4971 0
4972 1
4973 2
4974 1
4975 1
4976 2
4977 1
4978 1
4979 1
4980 2
4981 1
4982 1
4983 1
4984 1
4985 1
4986 0
4987 0
4988 1
4989 1
4990 2
4991 2
4992 1
4993 2
4994 1
4995 2
4996 2
4997 1
4998 2
4999 2
5000 1
5001 1
5002 2
5003 2
5004 2
5005 0
5006 1
5007 1
5008 1
5009 1
5010 0
5011 1
5012 1
5013 2
5014 1
5015 0
5016 1
5017 1
5018 1
5019 1
5020 1
5021 1
5022 1
5023 1
5024 1
5025 1
5026 1
5027 1
5028 1
5029 1
5030 1
5031 1
5032 1
5033 2
5034 2
5035 2
5036 2
5037 1
5038 2
5039 1
5040 0
5041 1
5042 2
5043 1
5044 0
5045 0
5046 0
5047 0
5048 0
5049 1
5050 1
5051 1
5052 0
5053 1
5054 1
5055 1
5056 1
5057 1
5058 0
5059 0
5060 1
5061 1
5062 1
5063 1
5064 1
5065 1
5066 1
5067 0
5068 1
5069 0
5070 0
5071 0
5072 0
5073 1
5074 1
5075 0
5076 0
5077 0
5078 1
5079 1
5080 2
5081 1
5082 0
5083 2
5084 1
5085 0
5086 1
5087 1
5088 1
5089 1
5090 2
5091 1
5092 2
5093 2
5094 1
5095 1
5096 1
5097 1
5098 2
5099 0
5100 2
5101 0
5102 0
5103 2
5104 2
5105 1
5106 2
5107 2
5108 1
5109 1
5110 1
5111 2
5112 2
5113 1
5114 2
5115 1
5116 1
5117 1
5118 2
5119 1
5120 1
5121 1
5122 2
5123 0
5124 0
5125 1
5126 1
5127 1
5128 1
5129 1
5130 0
5131 0
5132 0
5133 2
5134 0
5135 0
5136 1
5137 1
5138 1
5139 1
5140 1
5141 1
5142 1
5143 2
5144 1
5145 1
5146 0
5147 1
5148 1
5149 0
5150 2
5151 1
