0 1
1 0
2 1
3 1
4 1
5 2
6 0
7 1
8 0
9 0
10 0
11 0
12 0
13 1
14 1
15 1
16 0
17 0
18 1
19 0
20 0
21 1
22 0
23 1
24 2
25 1
26 1
27 1
28 1
29 2
30 1
31 1
32 1
33 1
34 1
35 1
36 1
37 2
38 0
39 0
40 0
41 0
42 0
43 1
44 0
45 1
46 2
47 0
48 1
49 0
50 1
51 0
52 0
53 0
54 1
55 0
56 1
57 2
58 0
59 1
60 1
61 1
62 1
63 1
64 0
65 1
66 1
67 1
68 0
69 0
70 1
71 1
72 1
73 0
74 1
75 0
76 1
77 0
78 0
79 1
80 0
81 1
82 0
83 1
84 0
85 0
86 0
87 0
88 0
89 1
90 0
91 1
92 1
93 1
94 2
95 0
96 0
97 2
98 1
99 1
100 0
101 0
102 0
103 1
104 1
105 0
106 1
107 1
108 0
109 0
110 0
111 1
112 0
113 1
114 1
115 1
116 1
117 0
118 0
119 0
120 1
121 0
122 0
123 0
124 1
125 1
126 2
127 0
128 1
129 1
130 1
131 2
132 1
133 1
134 1
135 2
136 0
137 1
138 1
139 0
140 1
141 1
142 1
143 1
144 1
145 0
146 1
147 1
148 1
149 1
150 0
151 0
152 1
153 0
154 0
155 1
156 1
157 1
158 1
159 1
160 1
161 1
162 0
163 0
164 1
165 0
166 0
167 1
168 0
169 2
170 1
171 0
172 0
173 1
174 0
175 0
176 0
177 0
178 2
179 1
180 0
181 2
182 1
183 0
184 1
185 1
186 0
187 0
188 1
189 1
190 1
191 1
192 0
193 0
194 2
195 0
196 0
197 1
198 0
199 1
200 2
201 2
202 0
203 2
204 0
205 1
206 1
207 1
208 1
209 1
210 1
211 2
212 2
213 1
214 1
215 1
216 0
217 1
218 0
219 0
220 0
221 2
222 1
223 0
224 2
225 0
226 2
227 1
228 0
229 0
230 0
231 1
232 1
233 0
234 2
235 1
236 1
237 2
238 0
239 1
240 1
241 1
242 1
243 1
244 1
245 1
246 0
247 0
248 1
249 2
250 0
251 0
252 1
253 1
254 1
255 1
256 1
257 1
258 0
259 0
260 0
261 1
262 0
263 1
264 1
265 1
266 2
267 1
268 2
269 2
270 1
271 0
272 0
273 1
274 1
275 1
276 1
277 1
278 1
279 1
280 0
281 0
282 0
283 0
284 0
285 0
286 1
287 1
288 2
289 0
290 1
291 0
292 1
293 0
294 0
295 2
296 0
297 0
298 1
299 0
300 1
301 1
302 1
303 1
304 1
305 1
306 2
307 0
308 1
309 1
310 2
311 1
312 0
313 0
314 2
315 1
316 0
317 1
318 0
319 1
320 1
321 1
322 1
323 2
324 1
325 0
326 2
327 1
328 1
329 1
330 1
331 1
332 0
333 0
334 1
335 0
336 0
337 2
338 0
339 1
340 1
341 0
342 0
343 0
344 0
345 0
346 0
347 1
348 0
349 1
350 1
351 1
352 1
353 1
354 0
355 2
356 2
357 0
358 0
359 0
360 1
361 2
362 1
363 0
364 1
365 0
366 0
367 0
368 0
369 0
370 0
371 0
372 0
373 1
374 0
375 0
376 0
377 2
378 0
379 1
380 1
381 1
382 0
383 1
384 0
385 1
386 0
387 0
388 0
389 0
390 1
391 0
392 0
393 1
394 0
395 0
396 1
397 0
398 0
399 0
400 0
401 0
402 2
403 2
404 1
405 2
406 1
407 0
408 1
409 1
410 1
411 1
412 0
413 0
414 1
415 1
416 1
417 1
418 0
419 0
420 1
421 0
422 1
423 1
424 0
425 1
426 1
427 0
428 0
429 1
430 1
431 0
432 0
433 0
434 0
435 0
436 0
437 0
438 0
439 0
440 0
441 0
442 1
443 0
444 1
445 0
446 0
447 2
448 1
449 0
450 0
451 0
452 0
453 0
454 0
455 0
456 0
457 1
458 1
459 0
460 0
461 0
462 0
463 0
464 1
465 0
466 0
467 2
468 0
469 1
470 1
471 1
472 2
473 1
474 0
475 1
476 1
477 0
478 1
479 1
480 1
481 0
482 0
483 1
484 2
485 2
486 0
487 1
488 1
489 1
490 2
491 2
492 0
493 0
494 1
495 0
496 1
497 1
498 0
499 0
500 1
501 0
502 2
503 1
504 2
505 2
506 1
507 1
508 1
509 1
510 0
511 2
512 1
513 1
514 2
515 1
516 0
517 1
518 1
519 1
520 0
521 1
522 0
523 0
524 0
525 0
526 0
527 0
528 0
529 1
530 0
531 0
532 0
533 0
534 1
535 0
536 1
537 0
538 1
539 2
540 1
541 2
542 1
543 2
544 2
545 1
546 0
547 0
548 1
549 1
550 1
551 1
552 0
553 0
554 1
555 1
556 0
557 0
558 1
559 0
560 0
561 1
562 1
563 1
564 0
565 2
566 0
567 1
568 1
569 2
570 1
571 1
572 0
573 2
574 0
575 0
576 0
577 0
578 0
579 1
580 0
581 1
582 0
583 1
584 0
585 0
586 1
587 0
588 0
589 0
590 0
591 0
592 0
593 2
594 1
595 0
596 2
597 0
598 2
599 0
600 1
601 1
602 1
603 1
604 1
605 1
606 0
607 1
608 1
609 1
610 1
611 0
612 0
613 0
614 1
615 1
616 2
617 1
618 0
619 0
620 1
621 1
622 0
623 0
624 0
625 0
626 0
627 0
628 0
629 0
630 0
631 0
632 0
633 0
634 0
635 1
636 1
637 1
638 1
639 1
640 1
641 1
642 1
643 1
644 1
645 1
646 1
647 2
648 2
649 1
650 1
651 2
652 0
653 2
654 1
655 1
656 0
657 0
658 0
659 0
660 0
661 0
662 0
663 0
664 0
665 0
666 1
667 0
668 1
669 2
670 0
671 0
672 1
673 1
674 2
675 1
676 1
677 1
678 1
679 1
680 1
681 0
682 2
683 1
684 1
685 0
686 1
687 1
688 1
689 2
690 1
691 0
692 0
693 0
694 0
695 0
696 1
697 0
698 1
699 0
700 0
701 0
702 0
703 1
704 2
705 1
706 1
707 0
708 0
709 1
710 1
711 2
712 0
713 1
714 0
715 2
716 1
717 2
718 0
719 1
720 1
721 1
722 1
723 1
724 1
725 1
726 0
727 2
728 0
729 0
730 1
731 1
732 1
733 0
734 0
735 0
736 0
737 0
738 1
739 0
740 0
741 0
742 1
743 0
744 0
745 0
746 0
747 0
748 0
749 0
750 0
751 0
752 0
753 1
754 2
755 1
756 1
757 1
758 1
759 2
760 1
761 1
762 2
763 0
764 0
765 0
766 0
767 1
768 1
769 0
770 1
771 2
772 2
773 0
774 1
775 1
776 0
777 2
778 1
779 0
780 0
781 1
782 0
783 0
784 0
785 0
786 0
787 0
788 0
789 1
790 1
791 0
792 0
793 1
794 0
795 0
796 1
797 0
798 1
799 0
800 0
801 0
802 0
803 0
804 0
805 0
806 1
807 2
808 1
809 0
810 0
811 2
812 2
813 0
814 1
815 0
816 0
817 0
818 1
819 0
820 0
821 1
822 1
823 1
824 1
825 1
826 1
827 1
828 2
829 0
830 1
831 0
832 0
833 0
834 0
835 0
836 0
837 1
838 2
839 1
840 2
841 1
842 0
843 0
844 0
845 0
846 0
847 1
848 1
849 2
850 2
851 1
852 2
853 0
854 2
855 1
856 1
857 1
858 1
859 1
860 0
861 0
862 0
863 1
864 0
865 0
866 0
867 0
868 0
869 1
870 0
871 0
872 0
873 0
874 0
875 1
876 1
877 0
878 0
879 1
880 0
881 1
882 1
883 0
884 1
885 0
886 2
887 2
888 1
889 0
890 1
891 1
892 0
893 1
894 1
895 0
896 1
897 1
898 1
899 1
900 0
901 1
902 1
903 0
904 0
905 0
906 1
907 0
908 2
909 2
910 1
911 1
912 1
913 1
914 1
915 0
916 0
917 0
918 1
919 0
920 0
921 1
922 2
923 1
924 0
925 0
926 0
927 0
928 1
929 1
930 1
931 0
932 0
933 0
934 1
935 2
936 0
937 0
938 2
939 2
940 2
941 0
942 1
943 0
944 1
945 1
946 1
947 1
948 1
949 0
950 0
951 1
952 1
953 0
954 0
955 0
956 1
957 0
958 2
959 0
960 0
961 0
962 0
963 0
964 0
965 1
966 1
967 1
968 2
969 1
970 1
971 1
972 1
973 1
974 1
975 2
976 1
977 0
978 0
979 0
980 0
981 1
982 0
983 0
984 0
985 0
986 1
987 0
988 1
989 0
990 1
991 1
992 1
993 0
994 0
995 2
996 1
997 0
998 1
999 1
1000 2
1001 1
1002 2
1003 0
1004 1
1005 1
1006 2
1007 1
1008 2
1009 0
1010 2
1011 2
1012 2
1013 1
1014 2
1015 0
1016 0
1017 0
1018 0
1019 1
1020 0
1021 0
1022 0
1023 0
1024 1
1025 0
1026 1
1027 0
1028 0
1029 1
1030 1
1031 1
1032 1
1033 1
1034 1
1035 0
1036 1
1037 1
1038 1
1039 1
1040 0
1041 1
1042 0
1043 1
1044 0
1045 0
1046 0
1047 0
1048 0
1049 0
1050 0
1051 1
1052 1
1053 2
1054 1
1055 1
1056 0
1057 0
1058 1
1059 1
1060 0
1061 0
1062 0
1063 1
1064 0
1065 2
1066 1
1067 0
1068 0
1069 1
1070 0
1071 1
1072 2
1073 0
1074 0
1075 0
1076 0
1077 0
1078 1
1079 1
1080 1
1081 1
1082 2
1083 2
1084 2
1085 1
1086 0
1087 1
1088 1
1089 0
1090 1
1091 0
1092 1
1093 1
1094 1
1095 1
1096 0
1097 0
1098 0
1099 0
1100 0
1101 0
1102 0
1103 0
1104 2
1105 0
1106 0
1107 1
1108 1
1109 1
1110 0
1111 2
1112 1
1113 0
1114 1
1115 0
1116 0
1117 0
1118 0
1119 2
1120 0
1121 0
1122 1
1123 0
1124 0
1125 0
1126 1
1127 1
1128 1
1129 1
1130 0
1131 0
1132 0
1133 0
1134 0
1135 0
1136 0
1137 0
1138 0
1139 0
1140 1
1141 0
1142 2
1143 0
1144 0
1145 2
1146 2
1147 0
1148 1
1149 1
1150 2
1151 2
1152 2
1153 2
1154 0
1155 1
1156 0
1157 1
1158 1
1159 2
1160 2
1161 0
1162 0
1163 1
1164 1
1165 2
1166 1
1167 1
1168 1
1169 1
1170 1
1171 2
1172 2
1173 2
1174 0
1175 2
1176 1
1177 2
1178 2
1179 1
1180 1
1181 0
1182 2
1183 1
1184 1
1185 0
1186 1
1187 1
1188 1
1189 1
1190 0
1191 0
1192 0
1193 0
1194 0
1195 2
1196 0
1197 0
1198 1
1199 1
1200 0
1201 0
1202 1
1203 0
1204 0
1205 0
1206 0
1207 0
1208 0
1209 1
1210 1
1211 1
1212 1
1213 1
1214 1
1215 2
1216 0
1217 1
1218 1
1219 0
1220 1
1221 0
1222 0
1223 1
1224 1
1225 1
1226 2
1227 0
1228 0
1229 0
1230 0
1231 0
1232 0
1233 1
1234 0
1235 1
1236 1
1237 0
1238 1
1239 0
1240 0
1241 0
1242 0
1243 0
1244 0
1245 0
1246 2
1247 1
1248 1
1249 1
1250 1
1251 0
1252 1
1253 1
1254 0
1255 1
1256 1
1257 1
1258 1
1259 0
1260 0
1261 0
1262 0
1263 0
1264 0
1265 0
1266 1
1267 1
1268 1
1269 0
1270 1
1271 1
1272 0
1273 1
1274 0
1275 0
1276 0
1277 1
1278 1
1279 2
1280 0
1281 0
1282 0
1283 0
1284 1
1285 0
1286 0
1287 1
1288 0
1289 1
1290 1
1291 1
1292 1
1293 0
1294 1
1295 1
1296 1
1297 0
1298 1
1299 2
1300 1
1301 0
1302 0
1303 1
1304 0
1305 1
1306 0
1307 1
1308 1
1309 0
1310 2
1311 1
1312 1
1313 0
1314 1
1315 1
1316 1
1317 0
1318 1
1319 1
1320 1
1321 1
1322 0
1323 0
1324 0
1325 1
1326 1
1327 1
1328 1
1329 2
1330 0
1331 1
1332 1
1333 1
1334 1
1335 1
1336 0
1337 0
1338 1
1339 1
1340 0
1341 0
1342 0
1343 2
1344 1
1345 1
1346 0
1347 1
1348 2
1349 2
1350 2
1351 2
1352 2
1353 2
1354 2
1355 1
1356 0
1357 0
1358 0
1359 1
1360 1
1361 0
1362 1
1363 1
1364 1
1365 1
1366 1
1367 1
1368 1
1369 1
1370 1
1371 0
1372 1
1373 0
1374 0
1375 0
1376 0
1377 0
1378 0
1379 0
1380 0
1381 0
1382 2
1383 1
1384 1
1385 1
1386 1
1387 2
1388 1
1389 2
1390 0
1391 1
1392 1
1393 0
1394 0
1395 0
1396 0
1397 0
1398 0
1399 1
1400 1
1401 1
1402 1
1403 0
1404 0
1405 1
1406 1
1407 1
1408 1
1409 0
1410 0
1411 1
1412 1
1413 0
1414 2
1415 1
1416 1
1417 1
1418 1
1419 0
1420 0
1421 1
1422 1
1423 1
1424 1
1425 1
1426 2
1427 1
1428 1
1429 1
1430 0
1431 0
1432 0
1433 1
1434 0
1435 1
1436 0
1437 0
1438 2
1439 1
1440 0
1441 0
1442 1
1443 1
1444 1
1445 0
1446 2
1447 2
1448 1
1449 1
1450 0
1451 1
1452 0
1453 0
1454 0
1455 0
1456 0
1457 0
1458 0
1459 1
1460 0
1461 2
1462 1
1463 0
1464 0
1465 1
1466 1
1467 0
1468 1
1469 0
1470 1
1471 1
1472 1
1473 0
1474 0
1475 0
1476 0
1477 0
1478 0
1479 0
1480 1
1481 0
1482 0
1483 1
1484 2
1485 1
1486 1
1487 2
1488 2
1489 1
1490 1
1491 1
1492 0
1493 1
1494 0
1495 1
1496 0
1497 1
1498 0
1499 1
1500 0
1501 1
1502 1
1503 0
1504 1
1505 0
1506 0
1507 1
1508 1
1509 0
1510 0
1511 0
1512 1
1513 2
1514 1
1515 1
1516 2
1517 0
1518 1
1519 0
1520 1
1521 1
1522 1
1523 1
1524 1
1525 1
1526 0
1527 2
1528 1
1529 1
1530 1
1531 1
1532 0
1533 0
1534 2
1535 0
1536 0
1537 0
1538 0
1539 0
1540 0
1541 2
1542 0
1543 0
1544 2
1545 0
1546 1
1547 1
1548 1
1549 0
1550 0
1551 2
1552 2
1553 1
1554 0
1555 0
1556 0
1557 1
1558 0
1559 0
1560 1
1561 0
1562 0
1563 1
1564 1
1565 1
1566 1
1567 0
1568 1
1569 1
1570 1
1571 1
1572 1
1573 1
1574 1
1575 1
1576 1
1577 0
1578 1
1579 2
1580 0
1581 1
1582 1
1583 1
1584 1
1585 2
1586 2
1587 1
1588 0
1589 0
1590 0
1591 0
1592 0
1593 0
1594 0
1595 0
1596 1
1597 0
1598 1
1599 1
1600 1
1601 0
1602 0
1603 1
1604 0
1605 2
1606 1
1607 0
1608 1
1609 0
1610 2
1611 1
1612 1
1613 1
1614 0
1615 0
1616 1
1617 1
1618 0
1619 0
1620 0
1621 0
1622 1
1623 1
1624 1
1625 1
1626 1
1627 0
1628 2
1629 1
1630 0
1631 0
1632 1
1633 1
1634 2
1635 1
1636 2
1637 1
1638 0
1639 0
1640 0
1641 0
1642 0
1643 0
1644 1
1645 0
1646 1
1647 1
1648 0
1649 0
1650 1
1651 0
1652 2
1653 1
1654 1
1655 0
1656 1
1657 1
1658 1
1659 0
1660 0
1661 1
1662 0
1663 1
1664 0
1665 0
1666 0
1667 1
1668 1
1669 1
1670 1
1671 0
1672 2
1673 0
1674 1
1675 1
1676 2
1677 1
1678 0
1679 1
1680 1
1681 1
1682 0
1683 0
1684 1
1685 0
1686 2
1687 0
1688 0
1689 0
1690 1
1691 1
1692 1
1693 1
1694 1
1695 2
1696 2
1697 0
1698 0
1699 1
1700 1
1701 0
1702 0
1703 1
1704 0
1705 0
1706 0
1707 1
1708 1
1709 1
1710 1
1711 2
1712 0
1713 0
1714 2
1715 0
1716 0
1717 1
1718 1
1719 1
1720 2
1721 1
1722 1
1723 1
1724 1
1725 2
1726 2
1727 1
1728 0
1729 0
1730 0
1731 2
1732 1
1733 1
1734 1
1735 0
1736 2
1737 1
1738 1
1739 1
1740 1
1741 0
1742 1
1743 2
1744 0
1745 0
1746 0
1747 0
1748 0
1749 0
1750 1
1751 0
1752 1
1753 0
1754 0
1755 2
1756 0
1757 0
1758 0
1759 0
1760 0
1761 2
1762 0
1763 0
1764 0
1765 0
1766 1
1767 1
1768 1
1769 1
1770 1
1771 1
1772 1
1773 1
1774 0
1775 0
1776 0
1777 0
1778 0
1779 0
1780 1
1781 2
1782 0
1783 0
1784 2
1785 2
1786 1
1787 0
1788 1
1789 1
1790 0
1791 1
1792 1
1793 1
1794 0
1795 0
1796 1
1797 1
1798 1
1799 0
1800 1
1801 1
1802 1
1803 1
1804 1
1805 2
1806 0
1807 0
1808 1
1809 0
1810 1
1811 0
1812 0
1813 1
1814 0
1815 0
1816 0
1817 0
1818 1
1819 1
1820 1
1821 1
1822 1
1823 1
1824 0
1825 1
1826 2
1827 1
1828 1
1829 1
1830 2
1831 2
1832 1
1833 1
1834 2
1835 0
1836 0
1837 0
1838 1
1839 1
1840 1
1841 0
1842 0
1843 1
1844 2
1845 2
1846 1
1847 1
1848 1
1849 1
1850 2
1851 1
1852 2
1853 0
1854 1
1855 0
1856 1
1857 1
1858 1
1859 0
1860 2
1861 1
1862 1
1863 1
1864 1
1865 0
1866 2
1867 0
1868 1
1869 0
1870 1
1871 1
1872 0
1873 1
1874 0
1875 1
1876 0
1877 0
1878 0
1879 2
1880 0
1881 1
1882 0
1883 1
1884 2
1885 0
1886 0
1887 2
1888 2
1889 0
1890 2
1891 0
1892 0
1893 0
1894 0
1895 2
1896 0
1897 0
1898 0
1899 1
1900 1
1901 1
1902 0
1903 0
1904 1
1905 1
1906 0
1907 0
1908 1
1909 1
1910 1
1911 1
1912 2
1913 1
1914 1
1915 2
1916 0
1917 0
1918 0
1919 0
1920 1
1921 1
1922 0
1923 0
1924 1
1925 0
1926 0
1927 1
1928 1
1929 1
1930 0
1931 0
1932 1
1933 0
1934 0
1935 1
1936 1
1937 2
1938 0
1939 0
1940 0
1941 0
1942 0
1943 0
1944 2
1945 1
1946 1
1947 1
1948 1
1949 2
1950 1
1951 2
1952 1
1953 1
1954 0
1955 1
1956 1
1957 1
1958 0
1959 0
1960 0
1961 0
1962 0
1963 1
1964 0
1965 0
1966 1
1967 0
1968 0
1969 0
1970 0
1971 0
1972 0
1973 0
1974 0
1975 0
1976 0
1977 0
1978 1
1979 0
1980 0
1981 1
1982 0
1983 2
1984 1
1985 0
1986 1
1987 2
1988 2
1989 0
1990 1
1991 1
1992 1
1993 0
1994 0
1995 0
1996 1
1997 1
1998 1
1999 1
2000 1
2001 1
2002 1
2003 1
2004 1
2005 0
2006 1
2007 1
2008 1
2009 1
2010 1
2011 1
2012 1
2013 0
2014 0
2015 1
2016 1
2017 1
2018 0
2019 1
2020 0
2021 0
2022 0
2023 0
2024 0
2025 1
2026 1
2027 1
2028 1
2029 1
2030 0
2031 1
2032 2
2033 2
2034 0
2035 0
2036 0
2037 0
2038 2
2039 1
2040 1
2041 2
2042 1
2043 1
2044 1
2045 1
2046 2
2047 1
2048 1
2049 1
2050 1
2051 0
2052 0
2053 0
2054 1
2055 2
2056 0
2057 2
2058 0
2059 0
2060 1
2061 0
2062 0
2063 0
2064 2
2065 1
2066 0
2067 1
2068 0
2069 0
2070 1
2071 1
2072 0
2073 0
2074 0
2075 0
2076 1
2077 2
2078 1
2079 0
2080 1
2081 0
2082 1
2083 1
2084 2
2085 1
2086 0
2087 1
2088 0
2089 2
2090 0
2091 0
2092 2
2093 0
2094 0
2095 1
2096 0
2097 1
2098 0
2099 1
2100 1
2101 0
2102 1
2103 0
2104 0
2105 0
2106 2
2107 1
2108 2
2109 2
2110 1
2111 1
2112 1
2113 0
2114 0
2115 1
2116 0
2117 0
2118 1
2119 1
2120 2
2121 2
2122 1
2123 0
2124 1
2125 1
2126 1
2127 2
2128 2
2129 1
2130 2
2131 0
2132 1
2133 2
2134 0
2135 0
2136 0
2137 1
2138 1
2139 0
2140 2
2141 1
2142 0
2143 1
2144 2
2145 0
2146 1
2147 1
2148 1
2149 1
2150 1
2151 2
2152 2
2153 2
2154 1
2155 1
2156 2
2157 0
2158 0
2159 1
2160 1
2161 1
2162 0
2163 0
2164 0
2165 1
2166 0
2167 0
2168 1
2169 0
2170 0
2171 1
2172 0
2173 1
2174 1
2175 1
2176 0
2177 0
2178 2
2179 2
2180 1
2181 1
2182 1
2183 1
2184 1
2185 2
2186 2
2187 2
2188 2
2189 0
2190 1
2191 1
2192 0
2193 0
2194 1
2195 2
2196 1
2197 1
2198 0
2199 0
2200 0
2201 1
2202 1
2203 1
2204 2
2205 0
2206 1
2207 1
2208 1
2209 1
2210 1
2211 0
2212 1
2213 1
2214 0
2215 0
2216 1
2217 1
2218 1
2219 1
2220 1
2221 0
2222 0
2223 1
2224 2
2225 1
2226 0
2227 2
2228 1
2229 0
2230 0
2231 1
2232 1
2233 0
2234 0
2235 0
2236 0
2237 0
2238 0
2239 0
2240 0
2241 1
2242 0
2243 0
2244 1
2245 1
2246 0
2247 0
2248 1
2249 0
2250 0
2251 0
2252 0
2253 1
2254 0
2255 0
2256 0
2257 0
2258 0
2259 0
2260 2
2261 0
2262 0
2263 0
2264 1
2265 0
2266 1
2267 0
2268 2
2269 2
2270 1
2271 0
2272 1
2273 2
2274 2
2275 2
2276 2
2277 2
2278 2
2279 2
2280 2
2281 0
2282 1
2283 2
2284 2
2285 1
2286 1
2287 2
2288 0
2289 1
2290 0
2291 1
2292 1
2293 1
2294 0
2295 0
2296 1
2297 0
2298 0
2299 1
2300 0
2301 0
2302 1
2303 1
2304 2
2305 2
2306 0
2307 0
2308 2
2309 2
2310 1
2311 0
2312 1
2313 2
2314 1
2315 0
2316 0
2317 0
2318 0
2319 0
2320 0
2321 0
2322 0
2323 1
2324 0
2325 1
2326 1
2327 1
2328 1
2329 2
2330 2
2331 1
2332 2
2333 2
2334 2
2335 2
2336 2
2337 2
2338 2
2339 2
2340 1
2341 2
2342 0
2343 0
2344 2
2345 1
2346 1
2347 0
2348 0
2349 0
2350 0
2351 2
2352 1
2353 0
2354 0
2355 1
2356 1
2357 1
2358 0
2359 0
2360 0
2361 0
2362 0
2363 0
2364 0
2365 1
2366 1
2367 1
2368 1
2369 0
2370 2
2371 2
2372 1
2373 0
2374 0
2375 0
2376 0
2377 0
2378 2
2379 2
2380 1
2381 0
2382 1
2383 1
2384 2
2385 1
2386 0
2387 0
2388 0
2389 0
2390 0
2391 0
2392 1
2393 0
2394 1
2395 1
2396 1
2397 2
2398 0
2399 1
2400 1
2401 0
2402 0
2403 0
2404 1
2405 1
2406 0
2407 0
2408 2
2409 1
2410 1
2411 0
2412 0
2413 0
2414 1
2415 1
2416 0
2417 0
2418 0
2419 0
2420 0
2421 0
2422 0
2423 0
2424 1
2425 1
2426 1
2427 0
2428 1
2429 0
2430 0
2431 1
2432 0
2433 0
2434 1
2435 1
2436 0
2437 2
2438 0
2439 1
2440 1
2441 0
2442 1
2443 0
2444 0
2445 1
2446 2
2447 0
2448 0
2449 0
2450 0
2451 2
2452 0
2453 0
2454 1
2455 0
2456 0
2457 0
2458 0
2459 0
2460 1
2461 1
2462 1
2463 0
2464 1
2465 1
2466 0
2467 1
2468 1
2469 2
2470 2
2471 0
2472 2
2473 1
2474 1
2475 1
2476 0
2477 1
2478 2
2479 2
2480 2
2481 2
2482 2
2483 0
2484 1
2485 1
2486 1
2487 0
2488 0
2489 0
2490 1
2491 1
2492 0
2493 1
2494 1
2495 1
2496 0
2497 0
2498 0
2499 0
2500 2
2501 0
2502 0
2503 0
2504 1
2505 0
2506 2
2507 2
2508 1
2509 2
2510 0
2511 1
2512 0
2513 0
2514 0
2515 0
2516 0
2517 1
2518 1
2519 1
2520 1
2521 2
2522 2
2523 0
2524 1
2525 1
2526 0
2527 2
2528 0
2529 1
2530 1
2531 0
2532 0
2533 1
2534 1
2535 0
2536 1
2537 1
2538 0
2539 1
2540 0
2541 1
2542 1
2543 2
2544 1
2545 0
2546 0
2547 1
2548 1
2549 0
2550 1
2551 2
2552 1
2553 1
2554 2
2555 1
2556 2
2557 1
2558 1
2559 1
2560 1
2561 1
2562 1
2563 0
2564 2
2565 1
2566 0
2567 1
2568 1
2569 1
2570 0
2571 0
2572 0
2573 0
2574 0
2575 0
2576 0
2577 0
2578 1
2579 1
2580 0
2581 1
2582 0
2583 1
2584 1
2585 1
2586 0
2587 0
2588 1
2589 0
2590 1
2591 1
2592 1
2593 1
2594 1
2595 2
2596 2
2597 0
2598 1
2599 0
2600 1
2601 1
2602 0
2603 0
2604 0
2605 2
2606 0
2607 1
2608 1
2609 0
2610 0
2611 1
2612 1
2613 1
2614 1
2615 0
2616 0
2617 1
2618 0
2619 0
2620 0
2621 0
2622 0
2623 0
2624 1
2625 1
2626 0
2627 0
2628 0
2629 0
2630 0
2631 1
2632 0
2633 0
2634 0
2635 0
2636 2
2637 0
2638 2
2639 2
2640 0
2641 0
2642 0
2643 0
2644 0
2645 0
2646 0
2647 1
2648 0
2649 1
2650 0
2651 0
2652 1
2653 0
2654 1
2655 1
2656 0
2657 0
2658 0
2659 2
2660 0
2661 0
2662 2
2663 0
2664 0
2665 0
2666 0
2667 0
2668 1
2669 2
2670 1
2671 1
2672 0
2673 1
2674 2
2675 2
2676 2
2677 1
2678 1
2679 1
2680 0
2681 1
2682 0
2683 0
2684 0
2685 0
2686 0
2687 1
2688 0
2689 0
2690 1
2691 1
2692 2
2693 2
2694 1
2695 1
2696 1
2697 1
2698 0
2699 1
2700 2
2701 1
2702 2
2703 2
2704 2
2705 2
2706 1
2707 1
2708 2
2709 1
2710 0
2711 0
2712 0
2713 0
2714 0
2715 1
2716 0
2717 0
2718 1
2719 1
2720 1
2721 1
2722 1
2723 1
2724 1
2725 1
2726 0
2727 1
2728 0
2729 1
2730 1
2731 0
2732 1
2733 1
2734 1
2735 1
2736 0
2737 1
2738 1
2739 1
2740 1
2741 1
2742 1
2743 1
2744 1
2745 0
2746 0
2747 0
2748 1
2749 1
2750 1
2751 0
2752 1
2753 1
2754 0
2755 0
2756 0
2757 1
2758 1
2759 1
2760 0
2761 1
2762 0
2763 1
2764 0
2765 1
2766 0
2767 2
2768 1
2769 0
2770 1
2771 1
2772 1
2773 0
2774 0
2775 1
2776 1
2777 1
2778 0
2779 0
2780 0
2781 0
2782 1
2783 0
2784 2
2785 1
2786 1
2787 1
2788 1
2789 2
2790 1
2791 1
2792 1
2793 2
2794 0
2795 1
2796 1
2797 1
2798 0
2799 1
2800 1
2801 1
2802 1
2803 1
2804 0
2805 1
2806 0
2807 2
2808 0
2809 1
2810 0
2811 0
2812 0
2813 0
2814 0
2815 0
2816 0
2817 0
2818 0
2819 0
2820 0
2821 1
2822 0
2823 0
2824 1
2825 0
2826 1
2827 2
2828 0
2829 0
2830 0
2831 1
2832 2
2833 2
2834 1
2835 1
2836 2
2837 2
2838 0
2839 2
2840 1
2841 1
2842 0
2843 0
2844 0
2845 0
2846 1
2847 0
2848 0
2849 1
2850 0
2851 0
2852 1
2853 1
2854 1
2855 1
2856 1
2857 1
2858 2
2859 1
2860 0
2861 1
2862 2
2863 1
2864 0
2865 0
2866 2
2867 2
2868 2
2869 1
2870 0
2871 2
2872 0
2873 2
2874 0
2875 0
2876 1
2877 0
2878 2
2879 1
2880 1
2881 2
2882 0
2883 1
2884 0
2885 1
2886 1
2887 1
2888 1
2889 1
2890 1
2891 1
2892 1
2893 1
2894 1
2895 0
2896 2
2897 2
2898 1
2899 2
2900 1
2901 1
2902 0
2903 0
2904 0
2905 2
2906 2
2907 1
2908 2
2909 1
2910 1
2911 1
2912 0
2913 1
2914 1
2915 1
2916 1
2917 0
2918 1
2919 1
2920 1
2921 1
2922 1
2923 2
2924 1
2925 1
2926 1
2927 1
2928 2
2929 0
2930 1
2931 0
2932 0
2933 1
2934 1
2935 1
2936 0
2937 0
2938 1
2939 0
2940 2
2941 0
2942 0
2943 1
2944 2
2945 1
2946 2
2947 1
2948 1
2949 2
2950 1
2951 2
2952 2
2953 1
2954 1
2955 2
2956 2
2957 0
2958 0
2959 0
2960 0
2961 0
2962 1
2963 1
2964 1
2965 1
2966 2
2967 0
2968 0
2969 0
2970 0
2971 0
2972 0
2973 0
2974 0
2975 0
2976 0
2977 0
2978 0
2979 0
2980 1
2981 0
2982 1
2983 0
2984 1
2985 0
2986 1
2987 1
2988 1
2989 1
2990 0
2991 0
2992 0
2993 1
2994 1
2995 0
2996 1
2997 0
2998 1
2999 2
3000 0
3001 2
3002 2
3003 0
3004 0
3005 1
3006 0
3007 1
3008 0
3009 1
3010 0
3011 1
3012 1
3013 1
3014 0
3015 2
3016 2
3017 0
3018 1
3019 1
3020 1
3021 0
3022 1
3023 0
3024 0
3025 0
3026 0
3027 1
3028 0
3029 1
3030 0
3031 1
3032 0
3033 2
3034 0
3035 0
3036 0
3037 1
3038 0
3039 0
3040 1
3041 1
3042 1
3043 1
3044 1
3045 2
3046 2
3047 2
3048 1
3049 1
3050 0
3051 1
3052 1
3053 1
3054 0
3055 0
3056 1
3057 1
3058 0
3059 0
3060 1
3061 2
3062 0
3063 0
3064 1
3065 1
3066 0
3067 1
3068 1
3069 2
3070 1
3071 1
3072 1
3073 1
3074 2
3075 1
3076 0
3077 0
3078 0
3079 1
3080 1
3081 0
3082 2
3083 0
3084 0
3085 0
3086 0
3087 1
3088 0
3089 0
3090 0
3091 1
3092 0
3093 0
3094 0
3095 0
3096 0
3097 0
3098 1
3099 0
3100 2
3101 1
3102 1
3103 1
3104 1
3105 1
3106 1
3107 1
3108 0
3109 0
3110 0
3111 1
3112 0
3113 1
3114 1
3115 1
3116 1
3117 0
3118 0
3119 1
3120 0
3121 0
3122 0
3123 2
3124 1
3125 0
3126 0
3127 1
3128 1
3129 1
3130 1
3131 1
3132 1
3133 1
3134 1
3135 2
3136 2
3137 1
3138 1
3139 2
3140 1
3141 1
3142 1
3143 0
3144 0
3145 1
3146 0
3147 0
3148 2
3149 1
3150 0
3151 0
3152 1
3153 1
3154 1
3155 0
3156 1
3157 2
3158 1
3159 1
3160 1
3161 0
3162 0
3163 2
3164 2
3165 2
3166 0
3167 0
3168 1
3169 0
3170 1
3171 1
3172 1
3173 1
3174 1
3175 1
3176 0
3177 0
3178 1
3179 0
3180 1
3181 1
3182 1
3183 2
3184 1
3185 0
3186 1
3187 1
3188 1
3189 2
3190 1
3191 1
3192 2
3193 1
3194 2
3195 1
3196 2
3197 2
3198 1
3199 2
3200 1
3201 2
3202 0
3203 2
3204 1
3205 0
3206 1
3207 1
3208 1
3209 0
3210 0
3211 0
3212 1
3213 0
3214 0
3215 0
3216 0
3217 0
3218 0
3219 0
3220 0
3221 2
3222 1
3223 1
3224 0
3225 0
3226 1
3227 0
3228 1
3229 1
3230 1
3231 1
3232 1
3233 0
3234 0
3235 1
3236 1
3237 1
3238 0
3239 0
3240 1
3241 0
3242 0
3243 0
3244 0
3245 0
3246 0
3247 1
3248 0
3249 0
3250 0
3251 0
3252 2
3253 2
3254 1
3255 2
3256 1
3257 1
3258 0
3259 0
3260 0
3261 2
3262 0
3263 0
3264 1
3265 0
3266 1
3267 1
3268 2
3269 1
3270 2
3271 0
3272 0
3273 0
3274 1
3275 1
3276 1
3277 1
3278 1
3279 0
3280 0
3281 0
3282 1
3283 1
3284 0
3285 1
3286 1
3287 1
3288 0
3289 0
3290 2
3291 0
3292 0
3293 2
3294 1
3295 0
3296 1
3297 0
3298 1
3299 1
3300 1
3301 0
3302 1
3303 0
3304 1
3305 1
3306 1
3307 0
3308 2
3309 2
3310 1
3311 1
3312 2
3313 2
3314 2
3315 2
3316 0
3317 2
3318 1
3319 0
3320 0
3321 0
3322 1
3323 1
3324 1
3325 1
3326 1
3327 1
3328 1
3329 0
3330 0
3331 1
3332 0
3333 0
3334 1
3335 0
3336 1
3337 0
3338 1
3339 0
3340 0
3341 0
3342 0
3343 0
3344 0
3345 1
3346 0
3347 2
3348 1
3349 1
3350 0
3351 1
3352 1
3353 0
3354 0
3355 1
3356 1
3357 1
3358 1
3359 1
3360 0
3361 1
3362 1
3363 1
3364 1
3365 2
3366 0
3367 2
3368 2
3369 1
3370 1
3371 0
3372 0
3373 0
3374 0
3375 1
3376 0
3377 1
3378 0
3379 0
3380 0
3381 2
3382 1
3383 0
3384 2
3385 1
3386 1
3387 0
3388 1
3389 0
3390 0
3391 0
3392 2
3393 0
3394 0
3395 0
3396 2
3397 1
3398 0
3399 1
3400 1
3401 0
3402 0
3403 0
3404 0
3405 0
3406 0
3407 2
3408 1
3409 0
3410 0
3411 1
3412 1
3413 0
3414 0
3415 1
3416 0
3417 1
3418 1
3419 2
3420 1
3421 2
3422 2
3423 1
3424 1
3425 1
3426 0
3427 0
3428 0
3429 0
3430 0
3431 0
3432 1
3433 1
3434 1
3435 0
3436 0
3437 1
3438 0
3439 1
3440 0
3441 0
3442 1
3443 0
3444 1
3445 1
3446 1
3447 0
3448 1
3449 1
3450 1
3451 0
3452 1
3453 1
3454 1
3455 1
3456 1
3457 1
3458 1
3459 1
3460 1
3461 1
3462 0
3463 1
3464 1
3465 0
3466 0
3467 1
3468 1
3469 2
3470 1
3471 1
3472 1
3473 1
3474 1
3475 1
3476 1
3477 1
3478 0
3479 2
3480 1
3481 0
3482 0
3483 1
3484 1
3485 1
3486 2
3487 1
3488 0
3489 0
3490 0
3491 0
3492 0
3493 0
3494 0
3495 0
3496 1
3497 1
3498 1
3499 0
3500 1
3501 0
3502 0
3503 2
3504 1
3505 1
3506 1
3507 1
3508 1
3509 1
3510 1
3511 1
3512 1
3513 1
3514 1
3515 2
3516 1
3517 0
3518 0
3519 2
3520 2
3521 0
3522 0
3523 1
3524 0
3525 0
3526 0
3527 0
3528 1
3529 0
3530 1
3531 1
3532 0
3533 1
3534 2
3535 2
3536 1
3537 1
3538 2
3539 1
3540 2
3541 1
3542 1
3543 1
3544 1
3545 1
3546 1
3547 1
3548 0
3549 2
3550 1
3551 0
3552 1
3553 0
3554 0
3555 0
3556 2
3557 0
3558 0
3559 2
3560 2
3561 1
3562 0
3563 1
3564 1
3565 0
3566 1
3567 2
3568 0
3569 1
3570 1
3571 1
3572 1
3573 1
3574 1
3575 2
3576 2
3577 1
3578 1
3579 2
3580 1
3581 0
3582 1
3583 1
3584 0
3585 0
3586 0
3587 1
3588 2
3589 0
3590 0
3591 0
3592 0
3593 1
3594 1
3595 1
3596 1
3597 1
3598 0
3599 0
3600 1
3601 0
3602 0
3603 0
3604 2
3605 0
3606 1
3607 0
3608 1
3609 0
3610 2
3611 0
3612 0
3613 0
3614 0
3615 0
3616 1
3617 2
3618 0
3619 0
3620 1
3621 0
3622 1
3623 0
3624 0
3625 0
3626 0
3627 1
3628 1
3629 0
3630 0
3631 1
3632 0
3633 1
3634 0
3635 0
3636 0
3637 0
3638 1
3639 1
3640 1
3641 1
3642 0
3643 1
3644 1
3645 0
3646 0
3647 1
3648 2
3649 0
3650 0
3651 1
3652 0
3653 1
3654 1
3655 1
3656 1
3657 2
3658 1
3659 1
3660 2
3661 1
3662 1
3663 1
3664 1
3665 1
3666 1
3667 1
3668 1
3669 1
3670 1
3671 1
3672 1
3673 1
3674 1
3675 1
3676 1
3677 1
3678 1
3679 1
3680 0
3681 1
3682 2
3683 2
3684 1
3685 2
3686 1
3687 1
3688 2
3689 2
3690 1
3691 1
3692 2
3693 0
3694 1
3695 0
3696 0
3697 1
3698 0
3699 0
3700 0
3701 0
3702 0
3703 0
3704 1
3705 1
3706 1
3707 1
3708 1
3709 1
3710 1
3711 2
3712 0
3713 1
3714 2
3715 1
3716 1
3717 0
3718 1
3719 1
3720 1
3721 1
3722 0
3723 0
3724 2
3725 1
3726 2
3727 1
3728 1
3729 2
3730 2
3731 1
3732 0
3733 0
3734 0
3735 0
3736 0
3737 0
3738 1
3739 1
3740 0
3741 1
3742 0
3743 2
3744 0
3745 0
3746 1
3747 1
3748 1
3749 1
3750 0
3751 1
3752 1
3753 0
3754 0
3755 1
3756 1
3757 2
3758 0
3759 2
3760 2
3761 1
3762 1
3763 1
3764 1
3765 0
3766 0
3767 1
3768 1
3769 2
3770 1
3771 0
3772 1
3773 0
3774 1
3775 0
3776 1
3777 2
3778 1
3779 1
3780 0
3781 2
3782 1
3783 0
3784 0
3785 0
3786 0
3787 0
3788 0
3789 0
3790 0
3791 0
3792 2
3793 0
3794 0
3795 0
3796 0
3797 0
3798 0
3799 2
3800 1
3801 1
3802 0
3803 0
3804 0
3805 1
3806 0
3807 1
3808 0
3809 1
3810 1
3811 0
3812 0
3813 1
3814 0
3815 1
3816 0
3817 0
3818 0
3819 1
3820 1
3821 0
3822 0
3823 0
3824 1
3825 1
3826 1
3827 2
3828 0
3829 1
3830 0
3831 0
3832 0
3833 0
3834 1
3835 0
3836 0
3837 0
3838 0
3839 2
3840 0
3841 1
3842 1
3843 0
3844 1
3845 0
3846 0
3847 0
3848 1
3849 0
3850 1
3851 0
3852 1
3853 0
3854 0
3855 1
3856 1
3857 1
3858 1
3859 2
3860 1
3861 1
3862 1
3863 1
3864 1
3865 0
3866 2
3867 2
3868 1
3869 0
3870 1
3871 2
3872 0
3873 1
3874 1
3875 1
3876 1
3877 1
3878 1
3879 1
3880 0
3881 1
3882 0
3883 1
3884 1
3885 1
3886 1
3887 0
3888 0
3889 1
3890 2
3891 0
3892 0
3893 0
3894 1
3895 1
3896 1
3897 0
3898 0
3899 1
3900 0
3901 1
3902 1
3903 1
3904 1
3905 1
3906 1
3907 1
3908 1
3909 0
3910 0
3911 0
3912 0
3913 0
3914 0
3915 0
3916 1
3917 1
3918 1
3919 1
3920 1
3921 0
3922 0
3923 0
3924 0
3925 0
3926 0
3927 0
3928 0
3929 0
3930 1
3931 0
3932 0
3933 1
3934 1
3935 0
3936 1
3937 0
3938 1
3939 0
3940 1
3941 1
3942 1
3943 1
3944 1
3945 1
3946 1
3947 0
3948 0
3949 0
3950 1
3951 1
3952 0
3953 0
3954 0
3955 1
3956 1
3957 0
3958 1
3959 2
3960 1
3961 0
3962 1
3963 0
3964 0
3965 1
3966 0
3967 0
3968 1
3969 0
3970 0
3971 1
3972 2
3973 0
3974 1
3975 0
3976 1
3977 1
3978 0
3979 0
3980 2
3981 1
3982 1
3983 1
3984 2
3985 1
3986 1
3987 0
3988 0
3989 0
3990 1
3991 0
3992 0
3993 0
3994 0
3995 0
3996 2
3997 0
3998 2
3999 1
4000 1
4001 0
4002 1
4003 0
4004 0
4005 1
4006 0
4007 1
4008 1
4009 1
4010 1
4011 1
4012 1
4013 1
4014 1
4015 2
4016 1
4017 1
4018 1
4019 1
4020 1
4021 1
4022 1
4023 1
4024 1
4025 1
4026 1
4027 1
4028 0
4029 1
4030 1
4031 1
4032 1
4033 1
4034 0
4035 1
4036 0
4037 0
4038 0
4039 0
4040 0
4041 2
4042 2
4043 0
4044 0
4045 1
4046 0
4047 0
4048 0
4049 0
4050 0
4051 1
4052 0
4053 1
4054 1
4055 1
4056 1
4057 0
4058 0
4059 0
4060 1
4061 0
4062 1
4063 1
4064 1
4065 1
4066 0
4067 0
4068 1
4069 0
4070 0
4071 0
4072 1
4073 1
4074 1
4075 1
4076 1
4077 0
4078 1
4079 2
4080 1
4081 1
4082 0
4083 0
4084 1
4085 1
4086 0
4087 1
4088 0
4089 0
4090 2
4091 1
4092 1
4093 2
4094 2
4095 0
4096 1
4097 2
4098 1
4099 0
4100 1
4101 1
4102 1
4103 1
4104 1
4105 1
4106 1
4107 0
4108 0
4109 2
4110 2
4111 1
4112 0
4113 0
4114 2
4115 0
4116 1
4117 0
4118 0
4119 1
4120 2
4121 1
4122 2
4123 0
4124 1
4125 1
4126 1
4127 1
4128 1
4129 1
4130 1
4131 0
4132 0
4133 0
4134 2
4135 1
4136 0
4137 1
4138 2
4139 0
4140 1
4141 0
4142 0
4143 1
4144 1
4145 0
4146 1
4147 0
4148 0
4149 0
4150 1
4151 1
4152 1
4153 1
4154 0
4155 0
4156 0
4157 1
4158 0
4159 0
4160 0
4161 1
4162 0
4163 1
4164 2
4165 0
4166 0
4167 1
4168 1
4169 1
4170 2
4171 0
4172 1
4173 2
4174 2
4175 0
4176 1
4177 0
4178 0
4179 1
4180 2
4181 0
4182 0
4183 1
4184 0
4185 0
4186 1
4187 0
4188 0
4189 1
4190 0
4191 0
4192 2
4193 0
4194 0
4195 0
4196 0
4197 1
4198 0
4199 1
4200 0
4201 0
4202 1
4203 1
4204 0
4205 0
4206 2
4207 1
4208 2
4209 0
4210 0
4211 1
4212 1
4213 1
4214 0
4215 1
4216 0
4217 1
4218 0
4219 1
4220 1
4221 1
4222 1
4223 2
4224 1
4225 0
4226 2
4227 2
4228 0
4229 0
4230 0
4231 0
4232 2
4233 0
4234 0
4235 2
4236 1
4237 1
4238 0
4239 0
4240 1
4241 2
4242 1
4243 1
4244 2
4245 1
4246 0
4247 0
4248 1
4249 1
4250 1
4251 0
4252 1
4253 1
4254 1
4255 1
4256 1
4257 1
4258 1
4259 1
4260 0
4261 0
4262 1
4263 1
4264 1
4265 1
4266 1
4267 0
4268 0
4269 0
4270 0
4271 1
4272 1
4273 0
4274 0
4275 2
4276 1
4277 0
4278 0
4279 0
4280 2
4281 0
4282 0
4283 0
4284 0
4285 2
4286 1
4287 1
4288 0
4289 2
4290 0
4291 0
4292 2
4293 1
4294 1
4295 1
4296 1
4297 1
4298 2
4299 1
4300 2
4301 1
4302 2
4303 0
4304 1
4305 0
4306 0
4307 1
4308 0
4309 1
4310 2
4311 1
4312 0
4313 0
4314 0
4315 1
4316 1
4317 1
4318 1
4319 0
4320 1
4321 1
4322 0
4323 1
4324 1
4325 0
4326 0
4327 1
4328 1
4329 0
4330 0
4331 0
4332 0
4333 1
4334 0
4335 0
4336 1
4337 0
4338 0
4339 0
4340 1
4341 0
4342 1
4343 0
4344 0
4345 0
4346 1
4347 1
4348 2
4349 1
4350 1
4351 0
4352 1
4353 1
4354 1
4355 0
4356 0
4357 2
4358 1
4359 0
4360 0
4361 0
4362 0
4363 1
4364 1
4365 2
4366 0
4367 0
4368 2
4369 2
4370 0
4371 2
4372 2
4373 2
4374 1
4375 2
4376 1
4377 1
4378 0
4379 0
4380 1
4381 0
4382 1
4383 1
4384 1
4385 0
4386 0
4387 1
4388 1
4389 1
4390 1
4391 1
4392 1
4393 1
4394 1
4395 1
4396 1
4397 1
4398 2
4399 1
4400 2
4401 2
4402 2
4403 2
4404 1
4405 2
4406 1
4407 0
4408 1
4409 1
4410 0
4411 0
4412 0
4413 0
4414 0
4415 0
4416 1
4417 0
4418 0
4419 1
4420 1
4421 0
4422 0
4423 0
4424 0
4425 2
4426 0
4427 2
4428 0
4429 0
4430 0
4431 2
4432 1
4433 0
4434 1
4435 1
4436 0
4437 0
4438 0
4439 0
4440 1
4441 2
4442 0
4443 0
4444 2
4445 1
4446 1
4447 0
4448 0
4449 0
4450 0
4451 0
4452 0
4453 1
4454 0
4455 1
4456 1
4457 1
4458 1
4459 2
4460 1
4461 0
4462 1
4463 1
4464 1
4465 0
4466 1
4467 1
4468 1
4469 0
4470 0
4471 0
4472 1
4473 1
4474 1
4475 0
4476 1
4477 1
4478 2
4479 1
4480 1
4481 0
4482 1
4483 1
4484 1
4485 1
4486 1
4487 0
4488 1
4489 1
4490 0
4491 1
4492 0
4493 1
4494 1
4495 0
4496 2
4497 2
4498 1
4499 0
4500 1
4501 0
4502 1
4503 1
4504 0
4505 1
4506 0
4507 0
4508 1
4509 1
4510 1
4511 2
4512 1
4513 0
4514 2
4515 1
4516 2
4517 0
4518 1
4519 0
4520 0
4521 0
4522 0
4523 1
4524 0
4525 1
4526 0
4527 1
4528 2
4529 1
4530 0
4531 0
4532 0
4533 2
4534 1
4535 1
4536 1
4537 2
4538 0
4539 0
4540 2
4541 1
4542 1
4543 0
4544 1
4545 0
4546 0
4547 0
4548 0
4549 0
4550 0
4551 1
4552 0
4553 0
4554 0
4555 0
4556 0
4557 0
4558 1
4559 2
4560 0
4561 1
4562 2
4563 1
4564 0
4565 0
4566 1
4567 0
4568 1
4569 1
4570 0
4571 2
4572 1
4573 1
4574 1
4575 1
4576 1
4577 2
4578 1
4579 1
4580 1
4581 0
4582 1
4583 0
4584 1
4585 1
4586 2
4587 0
4588 0
4589 0
4590 0
4591 0
4592 1
4593 0
4594 0
4595 2
4596 1
4597 2
4598 2
4599 0
4600 0
4601 0
4602 1
4603 0
4604 1
4605 0
4606 0
4607 0
4608 0
4609 0
4610 1
4611 1
4612 0
4613 1
4614 1
4615 1
4616 1
4617 1
4618 1
4619 0
4620 0
4621 1
4622 0
4623 2
4624 1
4625 0
4626 0
4627 0
4628 1
4629 2
4630 2
4631 2
4632 2
4633 2
4634 1
4635 1
4636 0
4637 0
4638 1
4639 1
4640 0
4641 1
4642 1
4643 1
4644 1
4645 1
4646 1
4647 0
4648 1
4649 1
4650 0
4651 0
4652 0
4653 1
4654 1
4655 2
4656 2
4657 1
4658 1
4659 1
4660 1
4661 1
4662 1
4663 1
4664 1
4665 1
4666 0
4667 0
4668 0
4669 0
4670 2
4671 1
4672 1
4673 1
4674 2
4675 1
4676 0
4677 0
4678 0
4679 0
4680 1
4681 2
4682 1
4683 1
4684 1
4685 1
4686 1
4687 1
4688 1
4689 1
4690 1
4691 0
4692 1
4693 1
4694 0
4695 1
4696 1
4697 1
4698 1
4699 1
4700 0
4701 1
4702 1
4703 1
4704 0
4705 1
4706 1
4707 1
4708 1
4709 0
4710 1
4711 1
4712 2
4713 1
4714 0
4715 1
4716 1
4717 1
4718 2
4719 1
4720 1
4721 1
4722 2
4723 0
4724 1
4725 1
4726 0
4727 1
4728 1
4729 0
4730 1
4731 1
4732 0
4733 1
4734 0
4735 0
4736 2
4737 2
4738 1
4739 0
4740 1
4741 1
4742 1
4743 1
4744 1
4745 1
4746 0
4747 0
4748 0
4749 1
4750 2
4751 1
4752 2
4753 2
4754 2
4755 2
4756 2
4757 0
4758 0
4759 0
4760 1
4761 0
4762 1
4763 1
4764 2
4765 2
4766 2
4767 1
4768 2
4769 2
4770 0
4771 1
4772 0
4773 1
4774 1
4775 2
4776 0
4777 0
4778 1
4779 0
4780 1
4781 1
4782 0
4783 1
4784 2
4785 0
4786 1
4787 0
4788 0
4789 1
4790 2
4791 2
4792 1
4793 1
4794 1
4795 1
4796 1
4797 1
4798 0
4799 0
4800 0
4801 0
4802 1
4803 1
4804 1
4805 2
4806 1
4807 2
4808 1
4809 2
4810 1
4811 2
4812 2
4813 1
4814 0
4815 1
4816 0
4817 0
4818 0
4819 0
4820 1
4821 0
4822 0
4823 0
4824 1
4825 2
4826 0
4827 1
4828 2
4829 1
4830 2
4831 1
4832 1
4833 0
4834 1
4835 1
4836 1
4837 0
4838 0
4839 0
4840 0
4841 2
4842 1
4843 1
4844 0
4845 0
4846 0
4847 1
4848 0
4849 1
4850 0
4851 1
4852 0
4853 2
4854 1
4855 2
4856 2
4857 1
4858 0
4859 2
4860 2
4861 0
4862 0
4863 1
4864 0
4865 0
4866 0
4867 2
4868 1
4869 1
4870 0
4871 1
4872 0
4873 0
4874 0
4875 0
4876 2
4877 2
4878 1
4879 2
4880 1
4881 0
4882 0
4883 0
4884 1
4885 0
4886 0
4887 0
4888 1
4889 1
4890 1
4891 2
4892 0
4893 0
4894 0
4895 0
4896 1
4897 1
4898 1
4899 0
4900 0
4901 2
4902 1
4903 1
4904 1
4905 0
4906 2
4907 1
4908 0
4909 0
4910 0
4911 1
4912 2
4913 1
4914 2
4915 0
4916 0
4917 1
4918 1
4919 1
4920 0
4921 1
4922 2
4923 1
4924 1
4925 1
4926 2
4927 0
4928 0
4929 1
4930 1
4931 1
4932 0
4933 1
4934 1
4935 1
4936 0
4937 2
4938 1
4939 0
4940 1
4941 2
4942 1
4943 2
4944 1
4945 1
4946 0
4947 2
4948 2
4949 1
4950 2
4951 1
4952 2
4953 1
4954 1
4955 0
4956 0
4957 1
4958 1
4959 1
4960 1
4961 1
4962 1
4963 1
4964 0
4965 0
4966 1
4967 0
4968 2
4969 1
4970 1
4971 1
4972 2
4973 1
4974 2
4975 2
4976 0
4977 0
4978 0
4979 0
4980 0
4981 0
4982 1
4983 1
4984 2
4985 2
4986 1
4987 0
4988 0
4989 0
4990 1
4991 0
4992 0
4993 1
4994 1
4995 2
4996 2
4997 0
4998 1
4999 1
5000 0
5001 1
5002 1
5003 2
5004 2
5005 0
5006 2
5007 2
5008 1
5009 2
5010 1
5011 1
5012 2
5013 1
5014 1
5015 0
5016 1
5017 2
5018 1
5019 1
5020 1
5021 1
5022 0
5023 1
5024 0
5025 0
5026 0
5027 0
5028 0
5029 0
5030 0
5031 1
5032 2
5033 2
5034 1
5035 1
5036 2
5037 1
5038 1
5039 1
5040 1
5041 1
5042 1
5043 1
5044 1
5045 2
5046 2
5047 1
5048 1
5049 2
5050 0
5051 1
5052 0
5053 0
5054 0
5055 1
5056 0
5057 0
5058 1
5059 1
5060 1
5061 0
5062 1
5063 1
5064 0
5065 1
5066 1
5067 1
5068 1
5069 1
5070 1
5071 1
5072 1
5073 1
5074 0
5075 2
5076 0
5077 0
5078 0
5079 1
5080 0
5081 0
5082 0
5083 0
5084 0
5085 0
5086 0
5087 0
5088 0
5089 1
5090 0
5091 1
5092 1
5093 1
5094 0
5095 0
5096 2
5097 1
5098 1
5099 1
5100 1
5101 1
5102 0
5103 1
5104 0
5105 1
5106 1
5107 2
5108 1
5109 1
5110 1
5111 1
5112 0
5113 0
5114 0
5115 0
5116 0
5117 0
5118 0
5119 2
5120 1
5121 1
5122 0
5123 0
5124 1
5125 1
5126 1
5127 1
5128 1
5129 2
5130 1
5131 0
5132 0
5133 0
5134 1
5135 1
5136 0
5137 0
5138 0
5139 0
5140 1
5141 1
5142 2
5143 0
5144 0
5145 1
5146 1
5147 1
5148 1
5149 0
5150 1
5151 0
5152 1
5153 1
5154 1
5155 0
5156 0
5157 1
5158 0
5159 1
5160 1
5161 2
5162 2
5163 0
5164 0
5165 0
5166 0
5167 2
5168 0
5169 0
5170 1
5171 1
5172 1
5173 1
5174 0
5175 0
5176 0
5177 1
5178 2
5179 0
5180 0
5181 1
5182 0
5183 0
5184 0
5185 2
5186 0
5187 0
5188 1
5189 0
5190 0
5191 0
5192 0
5193 1
5194 1
5195 1
5196 1
5197 1
5198 0
5199 1
5200 0
5201 1
5202 1
5203 1
5204 1
5205 1
5206 1
5207 1
5208 0
5209 1
5210 1
5211 1
5212 1
5213 1
5214 0
5215 1
5216 1
5217 1
5218 1
5219 0
5220 1
5221 0
5222 0
5223 1
5224 0
5225 0
5226 2
5227 2
5228 0
5229 1
5230 1
5231 0
5232 1
5233 0
5234 1
5235 2
5236 1
5237 0
5238 1
5239 0
5240 1
5241 2
5242 1
5243 0
5244 0
5245 1
5246 1
5247 1
5248 2
5249 1
5250 0
5251 0
5252 0
5253 1
5254 2
5255 1
5256 1
5257 1
5258 1
5259 1
5260 0
